120 3570
1 75 1
1 5 1
1 92 1
1 104 1
1 105 1
1 15 1
1 112 1
1 85 1
1 98 1
1 26 1
1 7 1
1 90 1
1 89 1
1 22 1
1 36 1
1 79 1
1 88 1
1 6 1
1 33 1
1 113 1
1 13 1
1 86 1
1 94 1
1 59 1
1 116 1
1 35 1
1 67 1
1 114 1
1 57 1
1 10 1
1 52 1
1 118 1
1 23 1
1 80 1
1 49 1
1 96 1
1 29 1
1 73 1
1 115 1
1 48 1
1 47 1
1 78 1
1 46 1
1 39 1
1 43 1
1 70 1
2 12 1
2 81 1
2 37 1
2 109 1
2 16 1
2 99 1
2 118 1
2 97 1
2 65 1
2 26 1
2 68 1
2 96 1
2 112 1
2 30 1
2 28 1
2 20 1
2 105 1
2 101 1
2 90 1
2 83 1
2 82 1
2 11 1
2 91 1
2 17 1
2 38 1
2 79 1
2 42 1
2 117 1
2 49 1
2 53 1
2 103 1
2 50 1
2 44 1
2 93 1
2 111 1
2 4 1
2 86 1
2 100 1
2 88 1
2 33 1
2 5 1
2 25 1
2 34 1
2 119 1
2 19 1
2 56 1
2 64 1
2 67 1
2 71 1
2 74 1
2 80 1
2 57 1
3 97 1
3 28 1
3 91 1
3 112 1
3 29 1
3 106 1
3 76 1
3 92 1
3 107 1
3 80 1
3 105 1
3 11 1
3 63 1
3 66 1
3 8 1
3 38 1
3 71 1
3 88 1
3 87 1
3 103 1
3 21 1
3 95 1
3 22 1
3 72 1
3 101 1
3 78 1
3 62 1
3 111 1
3 108 1
3 102 1
3 99 1
3 74 1
3 82 1
3 30 1
3 59 1
3 16 1
3 33 1
3 23 1
3 104 1
3 86 1
3 67 1
3 7 1
3 75 1
3 73 1
3 48 1
3 118 1
3 68 1
3 17 1
3 83 1
3 119 1
3 50 1
3 94 1
3 54 1
4 95 1
4 94 1
4 108 1
4 107 1
4 112 1
4 74 1
4 38 1
4 91 1
4 41 1
4 116 1
4 105 1
4 19 1
4 14 1
4 106 1
4 58 1
4 57 1
4 114 1
4 27 1
4 37 1
4 10 1
4 70 1
4 99 1
4 78 1
4 61 1
4 51 1
4 31 1
4 119 1
4 34 1
4 21 1
4 90 1
4 60 1
4 18 1
4 20 1
4 52 1
4 87 1
4 80 1
4 118 1
4 5 1
4 7 1
4 67 1
4 75 1
4 65 1
4 45 1
4 46 1
4 103 1
4 81 1
4 23 1
4 73 1
4 50 1
4 28 1
4 9 1
4 115 1
4 22 1
4 111 1
4 86 1
4 49 1
4 35 1
4 77 1
4 43 1
4 11 1
4 69 1
4 54 1
4 76 1
4 13 1
5 118 1
5 95 1
5 51 1
5 78 1
5 30 1
5 55 1
5 36 1
5 94 1
5 84 1
5 108 1
5 97 1
5 103 1
5 109 1
5 114 1
5 44 1
5 111 1
5 119 1
5 93 1
5 77 1
5 63 1
5 17 1
5 104 1
5 54 1
5 112 1
5 62 1
5 85 1
5 87 1
5 61 1
5 69 1
5 29 1
5 65 1
5 21 1
5 75 1
5 16 1
5 58 1
5 50 1
5 10 1
5 106 1
5 26 1
5 7 1
5 38 1
5 23 1
5 72 1
5 27 1
5 98 1
5 34 1
5 20 1
5 100 1
5 33 1
5 18 1
5 52 1
5 60 1
5 105 1
5 73 1
5 24 1
5 71 1
5 91 1
6 21 1
6 44 1
6 70 1
6 77 1
6 101 1
6 64 1
6 10 1
6 24 1
6 103 1
6 16 1
6 69 1
6 97 1
6 60 1
6 25 1
6 75 1
6 108 1
6 26 1
6 46 1
6 17 1
6 113 1
6 48 1
6 33 1
6 9 1
6 43 1
6 111 1
6 14 1
6 102 1
6 72 1
6 53 1
6 27 1
6 38 1
6 73 1
6 63 1
6 82 1
6 20 1
6 59 1
6 92 1
6 62 1
6 89 1
6 90 1
6 114 1
6 110 1
6 86 1
6 32 1
6 76 1
6 104 1
6 31 1
6 84 1
6 117 1
6 36 1
6 81 1
6 7 1
6 12 1
6 67 1
6 100 1
6 80 1
6 96 1
6 95 1
6 40 1
7 58 1
7 31 1
7 85 1
7 117 1
7 27 1
7 101 1
7 81 1
7 60 1
7 103 1
7 63 1
7 111 1
7 71 1
7 113 1
7 116 1
7 41 1
7 29 1
7 59 1
7 23 1
7 28 1
7 13 1
7 54 1
7 120 1
7 79 1
7 52 1
7 30 1
7 24 1
7 43 1
7 96 1
7 34 1
7 66 1
7 64 1
7 108 1
7 26 1
7 84 1
7 102 1
7 109 1
7 107 1
7 70 1
7 119 1
7 11 1
7 89 1
7 36 1
7 46 1
7 44 1
7 72 1
7 87 1
7 78 1
7 17 1
8 26 1
8 108 1
8 105 1
8 79 1
8 59 1
8 11 1
8 92 1
8 66 1
8 116 1
8 109 1
8 76 1
8 114 1
8 13 1
8 72 1
8 104 1
8 55 1
8 22 1
8 12 1
8 19 1
8 51 1
8 21 1
8 25 1
8 86 1
8 39 1
8 80 1
8 17 1
8 36 1
8 82 1
8 10 1
8 38 1
8 30 1
8 44 1
8 20 1
8 61 1
8 68 1
8 87 1
8 57 1
8 78 1
8 67 1
8 106 1
8 40 1
8 23 1
8 71 1
8 89 1
8 85 1
8 69 1
8 32 1
8 29 1
8 48 1
8 53 1
8 83 1
8 84 1
8 107 1
8 41 1
8 75 1
8 33 1
8 28 1
8 9 1
9 117 1
9 89 1
9 54 1
9 76 1
9 108 1
9 62 1
9 24 1
9 84 1
9 95 1
9 65 1
9 82 1
9 43 1
9 60 1
9 59 1
9 22 1
9 63 1
9 97 1
9 109 1
9 56 1
9 100 1
9 78 1
9 92 1
9 116 1
9 67 1
9 69 1
9 68 1
9 77 1
9 55 1
9 32 1
9 94 1
9 99 1
9 49 1
9 17 1
9 105 1
9 85 1
9 13 1
9 25 1
9 34 1
9 57 1
9 30 1
9 37 1
9 80 1
9 16 1
9 20 1
9 26 1
9 81 1
9 38 1
9 50 1
9 101 1
9 112 1
9 28 1
9 87 1
9 119 1
9 115 1
9 106 1
9 44 1
9 23 1
9 102 1
9 91 1
10 116 1
10 109 1
10 23 1
10 94 1
10 34 1
10 88 1
10 13 1
10 39 1
10 14 1
10 86 1
10 70 1
10 43 1
10 25 1
10 59 1
10 15 1
10 26 1
10 89 1
10 54 1
10 91 1
10 53 1
10 117 1
10 57 1
10 81 1
10 105 1
10 78 1
10 76 1
10 107 1
10 113 1
10 106 1
10 118 1
10 61 1
10 21 1
10 64 1
10 102 1
10 19 1
10 31 1
10 47 1
10 11 1
10 80 1
10 52 1
10 68 1
10 119 1
10 120 1
10 73 1
10 87 1
10 44 1
10 60 1
10 71 1
10 45 1
10 97 1
10 63 1
10 50 1
10 104 1
10 40 1
10 62 1
11 120 1
11 64 1
11 93 1
11 77 1
11 46 1
11 95 1
11 110 1
11 15 1
11 94 1
11 39 1
11 96 1
11 28 1
11 109 1
11 83 1
11 100 1
11 85 1
11 71 1
11 54 1
11 42 1
11 81 1
11 30 1
11 50 1
11 33 1
11 66 1
11 116 1
11 115 1
11 113 1
11 55 1
11 37 1
11 43 1
11 13 1
11 114 1
11 51 1
11 108 1
11 29 1
11 27 1
11 104 1
11 103 1
11 90 1
11 48 1
11 45 1
11 60 1
11 20 1
11 67 1
11 101 1
11 69 1
11 12 1
11 74 1
11 16 1
11 44 1
11 40 1
11 34 1
11 117 1
11 58 1
11 107 1
11 61 1
11 47 1
11 14 1
11 70 1
11 84 1
11 62 1
12 62 1
12 67 1
12 29 1
12 57 1
12 82 1
12 110 1
12 89 1
12 70 1
12 14 1
12 56 1
12 34 1
12 104 1
12 119 1
12 22 1
12 40 1
12 98 1
12 77 1
12 92 1
12 111 1
12 35 1
12 76 1
12 23 1
12 97 1
12 68 1
12 19 1
12 108 1
12 55 1
12 87 1
12 31 1
12 59 1
12 30 1
12 113 1
12 114 1
12 96 1
12 100 1
12 24 1
12 86 1
12 13 1
12 84 1
12 41 1
12 45 1
12 94 1
12 72 1
12 46 1
12 101 1
12 116 1
12 91 1
12 58 1
12 115 1
12 63 1
12 109 1
12 52 1
12 43 1
12 103 1
12 93 1
12 117 1
12 64 1
12 74 1
12 61 1
13 112 1
13 33 1
13 77 1
13 102 1
13 66 1
13 110 1
13 70 1
13 26 1
13 76 1
13 108 1
13 75 1
13 20 1
13 69 1
13 44 1
13 86 1
13 98 1
13 47 1
13 106 1
13 119 1
13 113 1
13 50 1
13 51 1
13 55 1
13 73 1
13 43 1
13 49 1
13 32 1
13 61 1
13 88 1
13 64 1
13 25 1
13 91 1
13 42 1
13 34 1
13 35 1
13 114 1
13 37 1
13 58 1
13 89 1
13 72 1
13 21 1
13 107 1
13 84 1
13 41 1
13 87 1
13 81 1
13 59 1
13 40 1
13 54 1
13 22 1
13 93 1
13 52 1
13 17 1
13 71 1
13 90 1
13 67 1
13 19 1
14 38 1
14 69 1
14 120 1
14 22 1
14 53 1
14 80 1
14 59 1
14 72 1
14 37 1
14 91 1
14 118 1
14 104 1
14 82 1
14 23 1
14 47 1
14 36 1
14 111 1
14 98 1
14 15 1
14 39 1
14 62 1
14 77 1
14 79 1
14 25 1
14 28 1
14 57 1
14 35 1
14 65 1
14 18 1
14 106 1
14 90 1
14 117 1
14 99 1
14 116 1
14 31 1
14 101 1
14 93 1
14 16 1
14 64 1
14 73 1
14 86 1
14 78 1
14 109 1
14 51 1
14 33 1
14 96 1
14 74 1
14 119 1
14 56 1
14 88 1
14 29 1
14 42 1
14 67 1
14 68 1
15 81 1
15 46 1
15 83 1
15 73 1
15 34 1
15 66 1
15 47 1
15 119 1
15 108 1
15 54 1
15 113 1
15 30 1
15 91 1
15 43 1
15 18 1
15 120 1
15 97 1
15 38 1
15 76 1
15 96 1
15 112 1
15 72 1
15 53 1
15 41 1
15 42 1
15 116 1
15 105 1
15 111 1
15 101 1
15 31 1
15 64 1
15 87 1
15 89 1
15 74 1
15 98 1
15 75 1
15 32 1
15 48 1
15 85 1
15 84 1
15 71 1
15 20 1
15 80 1
15 26 1
15 17 1
15 118 1
15 63 1
15 88 1
15 29 1
15 55 1
15 45 1
15 100 1
15 82 1
15 35 1
15 65 1
15 68 1
16 64 1
16 118 1
16 56 1
16 62 1
16 108 1
16 52 1
16 61 1
16 35 1
16 70 1
16 110 1
16 68 1
16 37 1
16 73 1
16 91 1
16 63 1
16 58 1
16 19 1
16 59 1
16 28 1
16 109 1
16 57 1
16 116 1
16 89 1
16 114 1
16 49 1
16 92 1
16 20 1
16 119 1
16 98 1
16 79 1
16 113 1
16 117 1
16 101 1
16 85 1
16 36 1
16 48 1
16 32 1
16 115 1
16 23 1
16 106 1
16 77 1
16 88 1
16 46 1
16 21 1
16 107 1
16 80 1
16 86 1
16 29 1
16 40 1
16 99 1
16 50 1
16 84 1
16 93 1
16 31 1
16 78 1
16 102 1
17 92 1
17 68 1
17 78 1
17 93 1
17 39 1
17 119 1
17 80 1
17 29 1
17 61 1
17 58 1
17 109 1
17 89 1
17 44 1
17 28 1
17 38 1
17 31 1
17 52 1
17 25 1
17 107 1
17 111 1
17 19 1
17 43 1
17 55 1
17 113 1
17 83 1
17 95 1
17 40 1
17 116 1
17 47 1
17 84 1
17 49 1
17 112 1
17 77 1
17 53 1
17 22 1
17 105 1
17 35 1
17 75 1
17 21 1
17 103 1
17 106 1
17 71 1
17 26 1
17 64 1
17 87 1
17 117 1
17 42 1
17 76 1
17 100 1
18 104 1
18 23 1
18 67 1
18 109 1
18 33 1
18 117 1
18 101 1
18 93 1
18 88 1
18 68 1
18 40 1
18 85 1
18 80 1
18 20 1
18 41 1
18 47 1
18 115 1
18 79 1
18 110 1
18 70 1
18 82 1
18 76 1
18 58 1
18 53 1
18 72 1
18 113 1
18 118 1
18 97 1
18 78 1
18 107 1
18 56 1
18 119 1
18 75 1
18 31 1
18 25 1
18 111 1
18 22 1
18 36 1
18 64 1
18 52 1
18 87 1
18 81 1
18 114 1
18 44 1
18 100 1
18 84 1
18 77 1
19 47 1
19 64 1
19 118 1
19 32 1
19 53 1
19 30 1
19 46 1
19 70 1
19 115 1
19 25 1
19 119 1
19 77 1
19 96 1
19 113 1
19 61 1
19 48 1
19 59 1
19 79 1
19 54 1
19 23 1
19 37 1
19 76 1
19 116 1
19 34 1
19 21 1
19 97 1
19 43 1
19 52 1
19 63 1
19 40 1
19 73 1
19 58 1
19 22 1
19 56 1
19 41 1
19 66 1
19 107 1
19 57 1
19 35 1
19 92 1
19 81 1
19 65 1
19 103 1
19 28 1
19 105 1
19 72 1
19 94 1
19 67 1
19 90 1
19 51 1
19 38 1
19 45 1
19 102 1
20 112 1
20 57 1
20 98 1
20 50 1
20 56 1
20 60 1
20 105 1
20 81 1
20 30 1
20 86 1
20 108 1
20 22 1
20 115 1
20 46 1
20 117 1
20 48 1
20 27 1
20 63 1
20 37 1
20 111 1
20 26 1
20 67 1
20 34 1
20 96 1
20 95 1
20 100 1
20 93 1
20 45 1
20 23 1
20 104 1
20 68 1
20 73 1
20 43 1
20 109 1
20 58 1
20 80 1
20 78 1
20 87 1
20 94 1
20 85 1
20 32 1
20 44 1
20 79 1
20 88 1
20 47 1
20 83 1
20 107 1
20 74 1
20 65 1
20 51 1
21 71 1
21 81 1
21 118 1
21 88 1
21 89 1
21 60 1
21 112 1
21 49 1
21 69 1
21 114 1
21 22 1
21 74 1
21 70 1
21 77 1
21 27 1
21 41 1
21 25 1
21 90 1
21 62 1
21 52 1
21 120 1
21 37 1
21 107 1
21 83 1
21 115 1
21 119 1
21 103 1
21 43 1
21 100 1
21 72 1
21 26 1
21 101 1
21 91 1
21 40 1
21 29 1
21 110 1
21 24 1
21 42 1
21 57 1
21 51 1
21 63 1
21 84 1
21 33 1
21 68 1
21 58 1
21 99 1
21 38 1
21 117 1
21 109 1
21 23 1
21 35 1
21 32 1
21 116 1
21 67 1
22 28 1
22 41 1
22 39 1
22 71 1
22 101 1
22 24 1
22 73 1
22 103 1
22 114 1
22 108 1
22 26 1
22 50 1
22 116 1
22 44 1
22 53 1
22 29 1
22 35 1
22 97 1
22 78 1
22 56 1
22 120 1
22 36 1
22 74 1
22 42 1
22 52 1
22 67 1
22 111 1
22 64 1
22 23 1
22 27 1
22 115 1
22 85 1
22 81 1
22 48 1
22 113 1
22 62 1
22 83 1
22 72 1
22 49 1
22 66 1
22 109 1
22 104 1
22 38 1
22 69 1
22 119 1
22 68 1
22 98 1
22 79 1
22 75 1
22 95 1
22 88 1
22 118 1
22 77 1
23 116 1
23 91 1
23 118 1
23 64 1
23 111 1
23 76 1
23 29 1
23 68 1
23 28 1
23 79 1
23 71 1
23 26 1
23 48 1
23 53 1
23 107 1
23 31 1
23 72 1
23 117 1
23 54 1
23 33 1
23 98 1
23 57 1
23 42 1
23 94 1
23 81 1
23 84 1
23 113 1
23 49 1
23 83 1
23 34 1
23 96 1
23 93 1
23 52 1
23 119 1
23 66 1
23 45 1
23 114 1
23 90 1
23 86 1
23 106 1
23 87 1
23 39 1
23 70 1
23 25 1
23 104 1
23 73 1
23 51 1
23 40 1
24 87 1
24 33 1
24 27 1
24 94 1
24 96 1
24 90 1
24 105 1
24 62 1
24 67 1
24 120 1
24 51 1
24 49 1
24 78 1
24 112 1
24 93 1
24 69 1
24 110 1
24 58 1
24 46 1
24 85 1
24 29 1
24 37 1
24 71 1
24 103 1
24 107 1
24 61 1
24 34 1
24 31 1
24 64 1
24 86 1
24 56 1
24 117 1
24 63 1
24 43 1
24 30 1
24 84 1
24 77 1
24 88 1
24 116 1
24 32 1
24 28 1
25 69 1
25 111 1
25 82 1
25 42 1
25 106 1
25 28 1
25 35 1
25 43 1
25 92 1
25 37 1
25 86 1
25 75 1
25 101 1
25 40 1
25 110 1
25 70 1
25 64 1
25 61 1
25 74 1
25 113 1
25 90 1
25 76 1
25 84 1
25 85 1
25 62 1
25 120 1
25 30 1
25 119 1
25 58 1
25 32 1
25 93 1
25 87 1
25 66 1
25 27 1
25 108 1
25 31 1
25 56 1
25 91 1
25 95 1
25 46 1
25 73 1
25 53 1
25 83 1
25 118 1
25 116 1
25 79 1
25 94 1
25 114 1
25 96 1
25 29 1
25 78 1
26 31 1
26 120 1
26 83 1
26 40 1
26 73 1
26 79 1
26 51 1
26 56 1
26 116 1
26 109 1
26 113 1
26 65 1
26 54 1
26 71 1
26 76 1
26 67 1
26 35 1
26 98 1
26 115 1
26 114 1
26 36 1
26 117 1
26 90 1
26 43 1
26 70 1
26 86 1
26 110 1
26 46 1
26 62 1
26 81 1
26 32 1
26 97 1
26 106 1
26 77 1
26 48 1
26 96 1
26 84 1
26 37 1
27 37 1
27 68 1
27 71 1
27 108 1
27 82 1
27 70 1
27 87 1
27 47 1
27 101 1
27 88 1
27 72 1
27 112 1
27 92 1
27 39 1
27 119 1
27 52 1
27 46 1
27 107 1
27 97 1
27 114 1
27 48 1
27 79 1
27 42 1
27 30 1
27 36 1
27 116 1
27 50 1
27 104 1
27 28 1
27 93 1
27 56 1
27 44 1
27 57 1
27 40 1
27 117 1
27 69 1
27 98 1
27 80 1
27 76 1
27 31 1
27 60 1
27 91 1
27 105 1
27 94 1
27 103 1
27 62 1
28 56 1
28 90 1
28 82 1
28 44 1
28 74 1
28 67 1
28 89 1
28 45 1
28 101 1
28 105 1
28 95 1
28 119 1
28 43 1
28 35 1
28 50 1
28 94 1
28 64 1
28 31 1
28 49 1
28 40 1
28 72 1
28 92 1
28 120 1
28 77 1
28 71 1
28 59 1
28 81 1
28 113 1
28 60 1
28 73 1
28 87 1
28 32 1
28 114 1
28 39 1
28 52 1
28 69 1
28 86 1
28 85 1
28 34 1
28 88 1
28 106 1
28 54 1
28 103 1
28 29 1
29 82 1
29 98 1
29 65 1
29 89 1
29 109 1
29 60 1
29 105 1
29 102 1
29 80 1
29 88 1
29 63 1
29 97 1
29 90 1
29 79 1
29 92 1
29 41 1
29 118 1
29 55 1
29 56 1
29 70 1
29 61 1
29 67 1
29 95 1
29 106 1
29 59 1
29 52 1
29 62 1
29 87 1
29 77 1
29 72 1
29 108 1
29 103 1
29 50 1
29 32 1
29 44 1
29 99 1
29 91 1
29 40 1
29 112 1
29 47 1
29 45 1
29 54 1
30 74 1
30 91 1
30 47 1
30 107 1
30 96 1
30 82 1
30 68 1
30 53 1
30 109 1
30 50 1
30 48 1
30 89 1
30 54 1
30 77 1
30 92 1
30 93 1
30 65 1
30 61 1
30 67 1
30 73 1
30 44 1
30 80 1
30 88 1
30 66 1
30 32 1
30 56 1
30 111 1
30 34 1
30 35 1
30 110 1
30 46 1
30 94 1
30 45 1
30 114 1
30 112 1
30 72 1
30 75 1
30 43 1
30 62 1
30 39 1
30 116 1
30 97 1
30 99 1
30 81 1
31 34 1
31 56 1
31 74 1
31 33 1
31 118 1
31 53 1
31 120 1
31 99 1
31 40 1
31 48 1
31 78 1
31 54 1
31 63 1
31 57 1
31 82 1
31 58 1
31 96 1
31 113 1
31 66 1
31 87 1
31 88 1
31 91 1
31 45 1
31 62 1
31 104 1
31 37 1
31 52 1
31 80 1
31 51 1
31 117 1
31 83 1
31 47 1
31 64 1
31 55 1
31 32 1
31 103 1
31 77 1
31 35 1
31 111 1
31 70 1
31 61 1
31 46 1
31 107 1
31 90 1
31 71 1
31 115 1
31 42 1
31 85 1
32 71 1
32 107 1
32 64 1
32 36 1
32 54 1
32 81 1
32 38 1
32 84 1
32 49 1
32 76 1
32 40 1
32 56 1
32 91 1
32 52 1
32 59 1
32 92 1
32 88 1
32 43 1
32 46 1
32 69 1
32 110 1
32 85 1
32 112 1
32 111 1
32 48 1
32 55 1
32 65 1
32 33 1
32 116 1
32 39 1
32 41 1
32 45 1
32 60 1
32 68 1
32 75 1
32 120 1
32 61 1
32 97 1
32 74 1
32 99 1
32 90 1
33 89 1
33 78 1
33 69 1
33 62 1
33 37 1
33 92 1
33 119 1
33 50 1
33 60 1
33 48 1
33 47 1
33 84 1
33 77 1
33 94 1
33 96 1
33 115 1
33 99 1
33 114 1
33 72 1
33 120 1
33 106 1
33 76 1
33 81 1
33 105 1
33 102 1
33 61 1
33 55 1
33 87 1
33 104 1
33 54 1
33 43 1
33 109 1
33 83 1
33 36 1
33 112 1
33 74 1
33 52 1
33 95 1
33 108 1
33 46 1
33 57 1
33 34 1
33 97 1
33 41 1
33 107 1
33 103 1
33 117 1
33 56 1
33 40 1
33 35 1
34 116 1
34 40 1
34 55 1
34 111 1
34 101 1
34 80 1
34 93 1
34 63 1
34 50 1
34 91 1
34 113 1
34 56 1
34 105 1
34 66 1
34 37 1
34 49 1
34 87 1
34 88 1
34 67 1
34 72 1
34 43 1
34 42 1
34 97 1
34 94 1
34 64 1
34 100 1
34 51 1
34 54 1
34 58 1
34 96 1
34 62 1
34 65 1
34 75 1
34 57 1
34 35 1
34 70 1
34 61 1
34 107 1
34 77 1
34 98 1
34 73 1
34 52 1
34 83 1
34 95 1
34 114 1
34 53 1
34 85 1
34 48 1
34 89 1
34 59 1
34 76 1
34 38 1
35 84 1
35 38 1
35 41 1
35 82 1
35 97 1
35 111 1
35 47 1
35 80 1
35 102 1
35 106 1
35 71 1
35 45 1
35 39 1
35 114 1
35 43 1
35 42 1
35 64 1
35 83 1
35 101 1
35 73 1
35 119 1
35 65 1
35 91 1
35 77 1
35 49 1
35 76 1
35 79 1
35 94 1
35 62 1
35 117 1
35 50 1
35 90 1
35 112 1
35 104 1
35 57 1
35 109 1
35 87 1
35 69 1
35 40 1
35 96 1
35 54 1
35 93 1
36 104 1
36 107 1
36 98 1
36 67 1
36 93 1
36 78 1
36 76 1
36 75 1
36 106 1
36 46 1
36 111 1
36 66 1
36 54 1
36 49 1
36 41 1
36 92 1
36 105 1
36 59 1
36 83 1
36 85 1
36 109 1
36 38 1
36 69 1
36 113 1
36 37 1
36 71 1
36 81 1
36 117 1
36 70 1
36 87 1
36 74 1
36 48 1
36 47 1
36 61 1
36 100 1
36 42 1
36 39 1
36 68 1
36 44 1
36 73 1
36 110 1
36 63 1
36 64 1
36 103 1
36 80 1
36 101 1
36 72 1
36 53 1
37 47 1
37 88 1
37 62 1
37 71 1
37 80 1
37 114 1
37 108 1
37 66 1
37 85 1
37 116 1
37 43 1
37 81 1
37 76 1
37 92 1
37 100 1
37 89 1
37 56 1
37 50 1
37 95 1
37 98 1
37 45 1
37 83 1
37 117 1
37 61 1
37 70 1
37 65 1
37 107 1
37 115 1
37 119 1
37 64 1
37 105 1
37 90 1
37 97 1
37 75 1
37 52 1
37 112 1
37 104 1
37 49 1
38 53 1
38 99 1
38 83 1
38 56 1
38 106 1
38 59 1
38 85 1
38 69 1
38 47 1
38 65 1
38 58 1
38 113 1
38 104 1
38 64 1
38 79 1
38 46 1
38 43 1
38 54 1
38 72 1
38 119 1
38 103 1
38 105 1
38 117 1
38 45 1
38 89 1
38 44 1
38 80 1
38 81 1
38 96 1
38 48 1
38 39 1
38 91 1
38 111 1
38 88 1
38 108 1
39 82 1
39 60 1
39 95 1
39 87 1
39 108 1
39 101 1
39 84 1
39 78 1
39 55 1
39 54 1
39 76 1
39 105 1
39 48 1
39 47 1
39 52 1
39 65 1
39 120 1
39 110 1
39 70 1
39 90 1
39 88 1
39 64 1
39 49 1
39 96 1
39 98 1
39 46 1
39 91 1
39 94 1
39 111 1
39 67 1
39 118 1
39 40 1
39 69 1
39 50 1
39 56 1
39 58 1
40 116 1
40 108 1
40 66 1
40 97 1
40 52 1
40 100 1
40 103 1
40 76 1
40 74 1
40 45 1
40 75 1
40 118 1
40 119 1
40 70 1
40 49 1
40 59 1
40 104 1
40 73 1
40 105 1
40 101 1
40 54 1
40 120 1
40 113 1
40 96 1
40 91 1
40 51 1
40 82 1
40 43 1
40 92 1
40 72 1
40 90 1
40 78 1
40 63 1
40 99 1
40 48 1
40 110 1
40 117 1
41 72 1
41 114 1
41 113 1
41 110 1
41 53 1
41 115 1
41 47 1
41 119 1
41 88 1
41 93 1
41 75 1
41 96 1
41 102 1
41 74 1
41 107 1
41 43 1
41 48 1
41 82 1
41 70 1
41 52 1
41 117 1
41 85 1
41 92 1
41 68 1
41 62 1
41 67 1
41 111 1
41 63 1
41 95 1
41 77 1
41 60 1
41 99 1
41 59 1
41 118 1
41 100 1
41 42 1
41 56 1
41 90 1
41 76 1
41 116 1
42 56 1
42 94 1
42 65 1
42 75 1
42 50 1
42 55 1
42 114 1
42 84 1
42 91 1
42 78 1
42 76 1
42 108 1
42 98 1
42 106 1
42 68 1
42 109 1
42 86 1
42 116 1
42 101 1
42 80 1
42 52 1
42 100 1
42 63 1
42 73 1
42 111 1
42 62 1
42 117 1
42 110 1
42 81 1
42 72 1
42 115 1
42 67 1
42 53 1
42 60 1
42 113 1
42 82 1
42 74 1
42 43 1
42 61 1
42 57 1
42 51 1
42 77 1
42 96 1
42 71 1
42 46 1
42 59 1
42 85 1
43 108 1
43 57 1
43 68 1
43 66 1
43 69 1
43 112 1
43 114 1
43 116 1
43 111 1
43 102 1
43 104 1
43 96 1
43 61 1
43 67 1
43 45 1
43 49 1
43 109 1
43 103 1
43 62 1
43 48 1
43 100 1
43 56 1
43 93 1
43 84 1
43 75 1
43 53 1
43 99 1
43 117 1
43 91 1
43 64 1
43 98 1
43 76 1
43 47 1
43 70 1
43 101 1
43 86 1
43 97 1
44 66 1
44 67 1
44 104 1
44 64 1
44 112 1
44 70 1
44 60 1
44 80 1
44 71 1
44 99 1
44 51 1
44 116 1
44 83 1
44 78 1
44 62 1
44 110 1
44 106 1
44 93 1
44 88 1
44 107 1
44 85 1
44 115 1
44 45 1
44 81 1
44 95 1
44 46 1
44 102 1
44 47 1
44 87 1
44 65 1
44 91 1
44 77 1
44 105 1
44 103 1
44 75 1
44 74 1
44 55 1
44 100 1
44 119 1
45 74 1
45 96 1
45 89 1
45 105 1
45 119 1
45 49 1
45 84 1
45 114 1
45 57 1
45 118 1
45 71 1
45 90 1
45 85 1
45 98 1
45 60 1
45 50 1
45 61 1
45 62 1
45 106 1
45 64 1
45 47 1
45 103 1
45 86 1
45 70 1
45 92 1
45 59 1
45 102 1
45 97 1
45 87 1
45 81 1
45 48 1
45 110 1
45 73 1
45 75 1
45 76 1
45 101 1
45 95 1
45 112 1
45 52 1
45 99 1
46 111 1
46 53 1
46 95 1
46 120 1
46 78 1
46 100 1
46 47 1
46 87 1
46 83 1
46 86 1
46 52 1
46 109 1
46 58 1
46 96 1
46 98 1
46 51 1
46 107 1
46 110 1
46 66 1
46 118 1
46 99 1
46 76 1
46 92 1
46 101 1
46 81 1
46 117 1
46 79 1
46 75 1
46 88 1
46 74 1
46 57 1
46 104 1
46 61 1
46 93 1
47 63 1
47 109 1
47 58 1
47 79 1
47 119 1
47 90 1
47 67 1
47 111 1
47 94 1
47 69 1
47 76 1
47 83 1
47 112 1
47 55 1
47 114 1
47 118 1
47 100 1
47 108 1
47 101 1
47 54 1
47 52 1
47 102 1
47 75 1
47 95 1
47 80 1
47 85 1
47 60 1
47 70 1
47 116 1
47 74 1
47 88 1
47 87 1
47 117 1
48 81 1
48 54 1
48 71 1
48 67 1
48 61 1
48 96 1
48 120 1
48 105 1
48 106 1
48 107 1
48 59 1
48 83 1
48 101 1
48 95 1
48 80 1
48 100 1
48 102 1
48 63 1
48 89 1
48 73 1
48 117 1
48 103 1
48 79 1
48 84 1
48 104 1
48 111 1
48 110 1
48 113 1
48 93 1
48 75 1
48 64 1
49 76 1
49 105 1
49 87 1
49 74 1
49 72 1
49 52 1
49 99 1
49 112 1
49 85 1
49 75 1
49 91 1
49 119 1
49 89 1
49 54 1
49 98 1
49 73 1
49 111 1
49 94 1
49 95 1
49 60 1
49 81 1
49 120 1
49 108 1
49 71 1
49 51 1
49 58 1
49 109 1
49 113 1
49 77 1
49 67 1
49 80 1
49 69 1
49 59 1
49 82 1
49 101 1
49 117 1
49 66 1
49 61 1
49 55 1
49 70 1
49 79 1
49 110 1
50 111 1
50 59 1
50 88 1
50 115 1
50 81 1
50 108 1
50 109 1
50 97 1
50 69 1
50 58 1
50 91 1
50 77 1
50 98 1
50 102 1
50 89 1
50 74 1
50 87 1
50 67 1
50 92 1
50 73 1
50 70 1
50 90 1
50 117 1
50 55 1
50 61 1
50 82 1
50 60 1
50 64 1
50 99 1
50 56 1
50 66 1
50 54 1
50 100 1
50 104 1
50 83 1
50 94 1
50 75 1
50 65 1
50 107 1
51 52 1
51 72 1
51 87 1
51 58 1
51 85 1
51 107 1
51 103 1
51 63 1
51 83 1
51 67 1
51 79 1
51 119 1
51 81 1
51 64 1
51 104 1
51 70 1
51 61 1
51 109 1
51 71 1
51 120 1
51 76 1
51 92 1
51 117 1
51 94 1
51 69 1
51 80 1
51 91 1
51 66 1
51 84 1
51 99 1
51 111 1
52 71 1
52 64 1
52 89 1
52 54 1
52 119 1
52 70 1
52 76 1
52 66 1
52 88 1
52 58 1
52 115 1
52 108 1
52 110 1
52 72 1
52 106 1
52 84 1
52 112 1
52 65 1
52 73 1
52 59 1
52 96 1
52 103 1
52 55 1
52 80 1
52 109 1
52 92 1
52 116 1
52 83 1
52 117 1
52 78 1
52 102 1
52 97 1
52 118 1
52 69 1
52 101 1
53 102 1
53 114 1
53 115 1
53 91 1
53 71 1
53 92 1
53 113 1
53 79 1
53 83 1
53 117 1
53 111 1
53 77 1
53 103 1
53 73 1
53 78 1
53 60 1
53 74 1
53 106 1
53 70 1
53 59 1
53 100 1
53 94 1
53 86 1
53 88 1
53 69 1
53 68 1
53 58 1
53 109 1
53 80 1
54 79 1
54 112 1
54 105 1
54 63 1
54 64 1
54 113 1
54 104 1
54 71 1
54 114 1
54 55 1
54 103 1
54 111 1
54 61 1
54 83 1
54 110 1
54 95 1
54 56 1
54 72 1
54 73 1
54 88 1
54 99 1
54 115 1
54 98 1
54 87 1
54 81 1
54 100 1
54 58 1
54 70 1
54 60 1
54 76 1
54 97 1
54 93 1
54 120 1
54 68 1
55 105 1
55 117 1
55 79 1
55 104 1
55 119 1
55 100 1
55 88 1
55 111 1
55 99 1
55 114 1
55 76 1
55 78 1
55 66 1
55 95 1
55 107 1
55 59 1
55 69 1
55 80 1
55 62 1
55 116 1
55 91 1
55 92 1
55 56 1
55 106 1
55 86 1
55 96 1
55 90 1
55 89 1
55 83 1
55 87 1
55 63 1
55 101 1
55 77 1
55 118 1
55 82 1
55 60 1
55 73 1
56 102 1
56 70 1
56 68 1
56 105 1
56 83 1
56 77 1
56 90 1
56 118 1
56 92 1
56 99 1
56 64 1
56 101 1
56 103 1
56 115 1
56 71 1
56 95 1
56 85 1
56 111 1
56 80 1
56 97 1
56 100 1
56 88 1
56 117 1
56 63 1
56 110 1
56 84 1
56 89 1
56 94 1
56 67 1
56 76 1
56 109 1
57 58 1
57 99 1
57 104 1
57 108 1
57 87 1
57 100 1
57 83 1
57 63 1
57 80 1
57 88 1
57 86 1
57 107 1
57 106 1
57 77 1
57 75 1
57 73 1
57 111 1
57 69 1
57 120 1
57 82 1
57 59 1
57 102 1
57 67 1
57 66 1
57 89 1
57 112 1
57 71 1
57 119 1
57 68 1
57 118 1
57 98 1
57 109 1
57 91 1
57 116 1
57 110 1
58 74 1
58 109 1
58 73 1
58 116 1
58 106 1
58 120 1
58 113 1
58 59 1
58 72 1
58 93 1
58 61 1
58 90 1
58 111 1
58 71 1
58 119 1
58 97 1
58 96 1
58 63 1
58 112 1
58 88 1
58 87 1
58 68 1
58 110 1
58 99 1
58 118 1
58 98 1
58 65 1
58 95 1
58 91 1
58 107 1
58 100 1
58 70 1
59 102 1
59 85 1
59 66 1
59 101 1
59 82 1
59 112 1
59 117 1
59 71 1
59 72 1
59 109 1
59 89 1
59 75 1
59 110 1
59 108 1
59 105 1
59 62 1
59 80 1
59 119 1
59 96 1
59 67 1
59 95 1
59 106 1
59 61 1
59 64 1
59 74 1
60 118 1
60 79 1
60 113 1
60 84 1
60 98 1
60 106 1
60 71 1
60 94 1
60 105 1
60 68 1
60 93 1
60 114 1
60 120 1
60 116 1
60 63 1
60 91 1
60 69 1
60 80 1
60 85 1
60 65 1
60 64 1
60 104 1
60 99 1
60 96 1
60 101 1
60 81 1
60 70 1
60 111 1
60 66 1
60 115 1
61 91 1
61 86 1
61 109 1
61 92 1
61 73 1
61 76 1
61 98 1
61 63 1
61 103 1
61 68 1
61 79 1
61 64 1
61 117 1
61 75 1
61 106 1
61 99 1
61 85 1
61 119 1
61 69 1
61 116 1
61 93 1
61 62 1
61 108 1
61 105 1
61 88 1
62 89 1
62 113 1
62 107 1
62 93 1
62 90 1
62 77 1
62 91 1
62 82 1
62 67 1
62 118 1
62 88 1
62 66 1
62 86 1
62 108 1
62 75 1
62 115 1
62 73 1
62 112 1
62 97 1
62 109 1
62 106 1
62 116 1
62 105 1
62 64 1
62 87 1
62 100 1
63 113 1
63 72 1
63 93 1
63 75 1
63 73 1
63 119 1
63 111 1
63 110 1
63 90 1
63 85 1
63 65 1
63 74 1
63 76 1
63 82 1
63 79 1
63 71 1
63 81 1
63 97 1
63 86 1
63 107 1
63 116 1
63 88 1
63 118 1
63 104 1
63 64 1
63 109 1
63 106 1
63 101 1
63 99 1
64 85 1
64 74 1
64 114 1
64 97 1
64 105 1
64 91 1
64 72 1
64 86 1
64 106 1
64 89 1
64 113 1
64 116 1
64 67 1
64 83 1
64 98 1
64 117 1
64 115 1
64 109 1
64 71 1
64 78 1
64 96 1
64 100 1
64 77 1
64 70 1
64 69 1
65 109 1
65 102 1
65 66 1
65 87 1
65 85 1
65 91 1
65 74 1
65 80 1
65 93 1
65 112 1
65 78 1
65 110 1
65 83 1
65 117 1
65 82 1
65 97 1
65 70 1
65 111 1
65 118 1
65 69 1
65 76 1
65 71 1
65 103 1
65 95 1
65 114 1
65 77 1
65 67 1
65 92 1
65 90 1
65 104 1
65 100 1
65 81 1
65 120 1
66 101 1
66 99 1
66 120 1
66 100 1
66 108 1
66 79 1
66 71 1
66 91 1
66 73 1
66 74 1
66 82 1
66 69 1
66 107 1
66 115 1
66 95 1
66 87 1
66 110 1
66 111 1
66 81 1
66 109 1
66 98 1
66 68 1
67 68 1
67 116 1
67 70 1
67 86 1
67 113 1
67 99 1
67 115 1
67 102 1
67 74 1
67 84 1
67 109 1
67 111 1
67 100 1
67 72 1
67 78 1
67 96 1
67 87 1
67 118 1
67 119 1
67 105 1
67 89 1
67 92 1
67 88 1
67 82 1
68 112 1
68 98 1
68 84 1
68 96 1
68 114 1
68 108 1
68 77 1
68 103 1
68 73 1
68 94 1
68 88 1
68 95 1
68 92 1
68 102 1
68 69 1
68 91 1
68 117 1
68 76 1
68 105 1
68 115 1
68 81 1
68 97 1
68 83 1
68 99 1
68 74 1
68 72 1
68 100 1
68 75 1
68 118 1
68 107 1
69 79 1
69 91 1
69 106 1
69 94 1
69 81 1
69 77 1
69 74 1
69 101 1
69 88 1
69 71 1
69 96 1
69 82 1
69 86 1
69 113 1
69 109 1
69 102 1
69 98 1
69 90 1
69 84 1
69 104 1
69 85 1
69 103 1
69 100 1
69 89 1
69 114 1
69 70 1
69 108 1
69 95 1
69 93 1
69 110 1
70 80 1
70 100 1
70 110 1
70 83 1
70 81 1
70 119 1
70 74 1
70 89 1
70 79 1
70 120 1
70 87 1
70 85 1
70 114 1
70 95 1
70 105 1
70 98 1
70 88 1
70 111 1
70 92 1
70 101 1
70 116 1
70 71 1
70 115 1
70 84 1
71 85 1
71 84 1
71 72 1
71 86 1
71 81 1
71 92 1
71 107 1
71 110 1
71 111 1
71 99 1
71 119 1
71 83 1
71 120 1
71 97 1
71 115 1
71 93 1
71 117 1
71 105 1
71 73 1
71 79 1
71 118 1
71 100 1
71 89 1
72 103 1
72 118 1
72 96 1
72 74 1
72 102 1
72 98 1
72 93 1
72 92 1
72 104 1
72 117 1
72 105 1
72 76 1
72 89 1
72 85 1
72 109 1
72 90 1
72 81 1
72 101 1
72 94 1
73 110 1
73 87 1
73 91 1
73 92 1
73 96 1
73 90 1
73 120 1
73 116 1
73 89 1
73 93 1
73 88 1
73 83 1
73 108 1
73 78 1
73 81 1
73 111 1
73 95 1
73 119 1
73 114 1
73 107 1
73 109 1
73 105 1
73 80 1
74 97 1
74 112 1
74 109 1
74 104 1
74 79 1
74 84 1
74 102 1
74 95 1
74 114 1
74 78 1
74 111 1
74 100 1
74 89 1
74 98 1
74 103 1
74 91 1
74 81 1
74 82 1
74 76 1
74 117 1
74 93 1
74 116 1
75 91 1
75 84 1
75 111 1
75 87 1
75 116 1
75 117 1
75 119 1
75 86 1
75 108 1
75 106 1
75 115 1
75 98 1
75 90 1
75 105 1
75 100 1
75 79 1
75 103 1
75 77 1
75 114 1
76 79 1
76 86 1
76 107 1
76 101 1
76 96 1
76 92 1
76 117 1
76 99 1
76 113 1
76 103 1
76 119 1
76 90 1
76 105 1
76 89 1
76 84 1
76 109 1
76 83 1
76 106 1
76 91 1
76 80 1
77 101 1
77 99 1
77 115 1
77 114 1
77 90 1
77 95 1
77 97 1
77 113 1
77 116 1
77 96 1
77 87 1
77 112 1
77 81 1
77 78 1
77 83 1
77 102 1
77 93 1
77 119 1
77 82 1
77 94 1
77 107 1
77 111 1
77 79 1
77 89 1
78 86 1
78 83 1
78 87 1
78 107 1
78 115 1
78 117 1
78 90 1
78 113 1
78 89 1
78 106 1
78 82 1
78 120 1
78 95 1
78 96 1
78 94 1
78 100 1
78 88 1
78 101 1
78 111 1
78 110 1
78 109 1
78 92 1
78 102 1
78 99 1
79 109 1
79 101 1
79 111 1
79 110 1
79 91 1
79 103 1
79 95 1
79 118 1
79 80 1
79 89 1
79 96 1
79 92 1
79 106 1
79 105 1
79 99 1
79 83 1
79 115 1
79 97 1
79 93 1
79 100 1
79 107 1
79 98 1
79 104 1
79 82 1
80 82 1
80 103 1
80 81 1
80 112 1
80 99 1
80 114 1
80 86 1
80 87 1
80 106 1
80 91 1
80 92 1
80 97 1
80 83 1
80 96 1
80 84 1
80 98 1
80 101 1
80 105 1
81 110 1
81 84 1
81 89 1
81 108 1
81 119 1
81 98 1
81 106 1
81 88 1
81 105 1
81 97 1
81 118 1
81 91 1
81 95 1
81 83 1
81 96 1
82 96 1
82 107 1
82 110 1
82 104 1
82 92 1
82 120 1
82 88 1
82 108 1
82 89 1
82 114 1
82 113 1
82 119 1
82 111 1
82 84 1
82 115 1
82 87 1
82 83 1
82 99 1
82 94 1
82 109 1
82 93 1
83 100 1
83 116 1
83 92 1
83 101 1
83 96 1
83 94 1
83 118 1
83 97 1
83 89 1
83 88 1
83 93 1
83 95 1
83 105 1
83 102 1
83 99 1
83 86 1
83 111 1
84 114 1
84 110 1
84 115 1
84 102 1
84 94 1
84 119 1
84 106 1
84 109 1
84 88 1
84 104 1
84 93 1
84 105 1
84 100 1
84 118 1
84 85 1
84 97 1
84 116 1
84 107 1
84 108 1
84 112 1
85 104 1
85 118 1
85 97 1
85 88 1
85 105 1
85 109 1
85 102 1
85 95 1
85 103 1
85 94 1
85 89 1
85 111 1
85 86 1
85 107 1
86 110 1
86 114 1
86 109 1
86 98 1
86 101 1
86 96 1
86 95 1
86 113 1
86 103 1
86 107 1
86 99 1
86 104 1
86 112 1
86 90 1
86 117 1
87 103 1
87 107 1
87 104 1
87 100 1
87 98 1
87 115 1
87 105 1
87 109 1
87 88 1
87 94 1
87 90 1
87 112 1
87 116 1
87 96 1
87 118 1
87 95 1
87 108 1
87 91 1
88 109 1
88 92 1
88 95 1
88 90 1
88 107 1
88 116 1
88 120 1
88 106 1
88 114 1
88 100 1
88 110 1
88 98 1
88 115 1
88 96 1
88 93 1
88 99 1
88 102 1
88 104 1
88 119 1
88 113 1
88 112 1
89 113 1
89 95 1
89 98 1
89 116 1
89 109 1
89 102 1
89 117 1
89 118 1
89 103 1
89 96 1
89 97 1
89 90 1
89 110 1
89 94 1
89 91 1
89 93 1
90 112 1
90 111 1
90 96 1
90 114 1
90 94 1
90 120 1
90 118 1
90 102 1
90 105 1
90 99 1
90 93 1
90 115 1
90 92 1
90 106 1
90 98 1
90 103 1
90 109 1
91 101 1
91 104 1
91 97 1
91 111 1
91 110 1
91 117 1
91 95 1
91 118 1
91 113 1
91 106 1
91 103 1
91 98 1
92 111 1
92 106 1
92 109 1
92 94 1
92 103 1
92 95 1
92 110 1
92 115 1
92 116 1
92 100 1
92 99 1
93 117 1
93 110 1
93 111 1
93 102 1
93 108 1
93 101 1
93 100 1
93 105 1
93 112 1
93 114 1
93 97 1
93 109 1
93 107 1
93 103 1
93 106 1
94 108 1
94 103 1
94 98 1
94 97 1
94 104 1
94 118 1
94 117 1
94 95 1
94 99 1
94 102 1
94 100 1
94 106 1
94 120 1
95 119 1
95 113 1
95 118 1
95 97 1
95 102 1
95 108 1
95 117 1
95 107 1
95 120 1
95 105 1
95 100 1
96 113 1
96 105 1
96 112 1
96 109 1
96 100 1
96 99 1
96 118 1
96 102 1
96 120 1
96 103 1
97 115 1
97 117 1
97 109 1
97 105 1
97 114 1
97 101 1
97 120 1
97 98 1
97 102 1
97 119 1
97 111 1
97 113 1
97 107 1
97 99 1
98 111 1
98 104 1
98 101 1
98 117 1
98 106 1
98 102 1
98 116 1
98 107 1
98 113 1
98 114 1
98 105 1
99 120 1
99 108 1
99 104 1
99 100 1
99 103 1
99 106 1
99 110 1
99 115 1
99 105 1
99 112 1
99 107 1
99 101 1
99 111 1
99 119 1
99 114 1
100 114 1
100 103 1
100 116 1
100 119 1
100 112 1
100 106 1
100 111 1
100 113 1
100 117 1
100 108 1
100 110 1
100 101 1
100 115 1
100 120 1
100 104 1
100 105 1
100 107 1
101 119 1
101 115 1
101 113 1
101 106 1
101 116 1
101 108 1
101 118 1
101 112 1
101 107 1
101 103 1
101 102 1
101 105 1
101 104 1
102 114 1
102 107 1
102 116 1
102 110 1
102 118 1
102 106 1
102 119 1
102 117 1
102 111 1
102 105 1
103 106 1
103 109 1
103 108 1
103 107 1
103 115 1
103 112 1
103 116 1
103 105 1
103 120 1
103 113 1
104 117 1
104 119 1
104 105 1
104 113 1
104 108 1
105 114 1
105 120 1
105 111 1
105 107 1
105 109 1
105 113 1
105 119 1
105 117 1
105 110 1
105 112 1
106 110 1
106 118 1
106 114 1
106 116 1
106 113 1
106 111 1
106 115 1
107 112 1
107 119 1
107 114 1
107 116 1
107 109 1
107 111 1
107 118 1
107 120 1
107 108 1
107 113 1
108 118 1
108 120 1
108 110 1
108 116 1
108 115 1
108 109 1
108 111 1
108 117 1
108 112 1
109 112 1
109 120 1
109 115 1
109 119 1
109 116 1
109 118 1
110 112 1
110 120 1
110 118 1
111 119 1
111 118 1
111 120 1
111 112 1
111 115 1
111 114 1
112 114 1
112 120 1
112 115 1
113 117 1
113 118 1
114 118 1
114 115 1
114 116 1
116 118 1
116 117 1
117 120 1
119 120 1
