150 5587
1 76 1
1 83 1
1 5 1
1 92 1
1 97 1
1 72 1
1 125 1
1 63 1
1 90 1
1 112 1
1 56 1
1 8 1
1 93 1
1 41 1
1 30 1
1 78 1
1 98 1
1 49 1
1 65 1
1 45 1
1 132 1
1 67 1
1 46 1
1 40 1
1 104 1
1 14 1
1 115 1
1 15 1
1 129 1
1 108 1
1 33 1
1 118 1
1 81 1
1 145 1
1 36 1
1 147 1
1 107 1
1 10 1
1 88 1
1 111 1
1 28 1
1 137 1
1 75 1
1 102 1
1 7 1
1 23 1
1 64 1
1 29 1
1 87 1
1 61 1
1 89 1
1 9 1
1 150 1
1 11 1
1 16 1
1 34 1
1 140 1
1 52 1
1 74 1
1 69 1
1 55 1
1 113 1
1 77 1
1 58 1
1 139 1
2 37 1
2 119 1
2 118 1
2 77 1
2 58 1
2 28 1
2 150 1
2 50 1
2 32 1
2 100 1
2 93 1
2 131 1
2 31 1
2 99 1
2 35 1
2 13 1
2 124 1
2 143 1
2 44 1
2 149 1
2 129 1
2 5 1
2 49 1
2 132 1
2 80 1
2 62 1
2 65 1
2 106 1
2 64 1
2 60 1
2 51 1
2 111 1
2 75 1
2 89 1
2 17 1
2 146 1
2 27 1
2 97 1
2 148 1
2 4 1
2 103 1
2 115 1
2 122 1
2 91 1
2 54 1
2 67 1
2 12 1
2 117 1
2 26 1
2 45 1
2 70 1
2 56 1
2 105 1
2 123 1
2 61 1
2 66 1
2 71 1
2 84 1
2 137 1
2 29 1
2 16 1
2 10 1
2 147 1
2 102 1
2 15 1
2 81 1
2 63 1
2 53 1
2 40 1
2 108 1
2 8 1
2 96 1
2 98 1
2 78 1
2 116 1
2 43 1
3 118 1
3 68 1
3 116 1
3 25 1
3 10 1
3 114 1
3 49 1
3 35 1
3 38 1
3 54 1
3 24 1
3 109 1
3 12 1
3 6 1
3 93 1
3 5 1
3 146 1
3 67 1
3 15 1
3 106 1
3 41 1
3 42 1
3 75 1
3 123 1
3 48 1
3 66 1
3 74 1
3 90 1
3 130 1
3 111 1
3 80 1
3 61 1
3 7 1
3 134 1
3 110 1
3 37 1
3 36 1
3 96 1
3 149 1
3 45 1
3 14 1
3 69 1
3 21 1
3 72 1
3 55 1
3 128 1
3 124 1
3 31 1
3 60 1
3 129 1
3 64 1
3 18 1
3 91 1
3 88 1
3 139 1
3 63 1
3 95 1
3 47 1
3 51 1
3 43 1
3 141 1
3 104 1
3 120 1
3 126 1
3 113 1
3 29 1
3 27 1
3 143 1
3 100 1
3 147 1
3 83 1
4 104 1
4 76 1
4 89 1
4 54 1
4 88 1
4 120 1
4 133 1
4 48 1
4 68 1
4 29 1
4 129 1
4 71 1
4 33 1
4 126 1
4 111 1
4 40 1
4 46 1
4 142 1
4 9 1
4 24 1
4 11 1
4 30 1
4 149 1
4 96 1
4 23 1
4 101 1
4 32 1
4 112 1
4 92 1
4 146 1
4 141 1
4 39 1
4 115 1
4 84 1
4 148 1
4 36 1
4 106 1
4 80 1
4 72 1
4 97 1
4 78 1
4 60 1
4 59 1
4 18 1
4 140 1
4 58 1
4 123 1
4 41 1
4 21 1
4 26 1
4 6 1
4 119 1
4 98 1
4 122 1
4 10 1
4 51 1
4 34 1
4 82 1
4 143 1
4 50 1
4 144 1
4 44 1
4 79 1
4 64 1
4 49 1
4 45 1
4 86 1
4 87 1
4 134 1
4 17 1
4 74 1
4 114 1
4 139 1
4 85 1
4 63 1
4 43 1
4 52 1
4 56 1
4 22 1
4 61 1
4 66 1
5 73 1
5 35 1
5 113 1
5 123 1
5 40 1
5 121 1
5 41 1
5 25 1
5 136 1
5 140 1
5 116 1
5 130 1
5 94 1
5 101 1
5 42 1
5 55 1
5 50 1
5 129 1
5 133 1
5 115 1
5 66 1
5 141 1
5 112 1
5 106 1
5 26 1
5 117 1
5 95 1
5 57 1
5 125 1
5 70 1
5 90 1
5 8 1
5 36 1
5 7 1
5 103 1
5 124 1
5 127 1
5 48 1
5 100 1
5 12 1
5 96 1
5 137 1
5 61 1
5 54 1
5 76 1
5 143 1
5 59 1
5 33 1
5 150 1
5 21 1
5 34 1
5 52 1
5 10 1
5 30 1
5 109 1
5 108 1
5 29 1
5 99 1
5 31 1
5 146 1
5 79 1
5 23 1
5 37 1
5 62 1
5 98 1
5 56 1
5 51 1
5 87 1
5 24 1
5 27 1
5 119 1
5 145 1
5 39 1
5 19 1
5 92 1
5 47 1
5 49 1
5 105 1
5 102 1
5 11 1
6 96 1
6 58 1
6 43 1
6 139 1
6 92 1
6 14 1
6 20 1
6 17 1
6 71 1
6 103 1
6 12 1
6 143 1
6 82 1
6 61 1
6 53 1
6 74 1
6 88 1
6 30 1
6 124 1
6 31 1
6 87 1
6 66 1
6 98 1
6 57 1
6 108 1
6 19 1
6 146 1
6 121 1
6 90 1
6 115 1
6 11 1
6 80 1
6 26 1
6 127 1
6 35 1
6 111 1
6 142 1
6 69 1
6 79 1
6 78 1
6 50 1
6 86 1
6 109 1
6 29 1
6 101 1
6 28 1
6 100 1
6 122 1
6 13 1
6 141 1
6 37 1
6 123 1
6 116 1
6 64 1
6 136 1
6 15 1
6 149 1
6 134 1
6 10 1
6 145 1
6 9 1
6 42 1
6 49 1
6 148 1
6 38 1
6 8 1
6 24 1
6 144 1
6 63 1
7 68 1
7 69 1
7 101 1
7 40 1
7 24 1
7 81 1
7 15 1
7 10 1
7 70 1
7 103 1
7 52 1
7 64 1
7 88 1
7 47 1
7 65 1
7 45 1
7 130 1
7 102 1
7 12 1
7 49 1
7 83 1
7 122 1
7 34 1
7 124 1
7 85 1
7 91 1
7 96 1
7 113 1
7 140 1
7 63 1
7 26 1
7 50 1
7 62 1
7 115 1
7 94 1
7 19 1
7 18 1
7 43 1
7 72 1
7 99 1
7 114 1
7 100 1
7 58 1
7 77 1
7 109 1
7 112 1
7 148 1
7 123 1
7 149 1
7 8 1
7 143 1
7 141 1
7 118 1
7 104 1
7 11 1
7 53 1
7 36 1
7 98 1
7 48 1
7 14 1
8 139 1
8 127 1
8 44 1
8 73 1
8 129 1
8 148 1
8 111 1
8 10 1
8 23 1
8 16 1
8 123 1
8 52 1
8 50 1
8 18 1
8 110 1
8 51 1
8 65 1
8 135 1
8 79 1
8 38 1
8 98 1
8 112 1
8 132 1
8 133 1
8 30 1
8 144 1
8 20 1
8 17 1
8 22 1
8 96 1
8 81 1
8 146 1
8 31 1
8 25 1
8 142 1
8 13 1
8 56 1
8 140 1
8 78 1
8 39 1
8 87 1
8 103 1
8 19 1
8 108 1
8 138 1
8 137 1
8 34 1
8 33 1
8 46 1
8 130 1
8 143 1
8 84 1
8 41 1
8 58 1
8 45 1
8 88 1
8 36 1
8 93 1
8 66 1
8 136 1
8 14 1
8 80 1
8 145 1
8 94 1
8 105 1
8 117 1
8 26 1
9 75 1
9 105 1
9 14 1
9 82 1
9 41 1
9 71 1
9 57 1
9 72 1
9 67 1
9 49 1
9 70 1
9 27 1
9 142 1
9 50 1
9 84 1
9 78 1
9 107 1
9 38 1
9 52 1
9 23 1
9 138 1
9 42 1
9 85 1
9 91 1
9 132 1
9 61 1
9 25 1
9 29 1
9 124 1
9 68 1
9 134 1
9 51 1
9 64 1
9 90 1
9 45 1
9 150 1
9 117 1
9 118 1
9 92 1
9 106 1
9 30 1
9 115 1
9 22 1
9 121 1
9 109 1
9 40 1
9 102 1
9 60 1
9 95 1
9 19 1
9 10 1
9 104 1
9 55 1
9 127 1
9 16 1
9 12 1
9 112 1
9 20 1
9 36 1
9 131 1
9 73 1
9 48 1
9 119 1
9 11 1
9 122 1
9 69 1
10 132 1
10 17 1
10 26 1
10 68 1
10 131 1
10 127 1
10 24 1
10 32 1
10 115 1
10 108 1
10 40 1
10 149 1
10 53 1
10 137 1
10 105 1
10 47 1
10 97 1
10 31 1
10 106 1
10 129 1
10 93 1
10 92 1
10 116 1
10 14 1
10 63 1
10 113 1
10 29 1
10 21 1
10 120 1
10 50 1
10 39 1
10 33 1
10 41 1
10 42 1
10 48 1
10 147 1
10 25 1
10 101 1
10 111 1
10 55 1
10 18 1
10 76 1
10 51 1
10 69 1
10 139 1
10 125 1
10 78 1
10 44 1
10 81 1
10 134 1
10 123 1
10 102 1
10 117 1
10 58 1
10 87 1
10 49 1
10 64 1
10 94 1
10 133 1
10 73 1
10 96 1
10 12 1
11 96 1
11 20 1
11 61 1
11 12 1
11 120 1
11 148 1
11 149 1
11 125 1
11 130 1
11 81 1
11 41 1
11 87 1
11 58 1
11 13 1
11 135 1
11 80 1
11 22 1
11 24 1
11 92 1
11 27 1
11 52 1
11 84 1
11 123 1
11 42 1
11 19 1
11 74 1
11 31 1
11 45 1
11 138 1
11 141 1
11 28 1
11 56 1
11 18 1
11 147 1
11 49 1
11 121 1
11 108 1
11 107 1
11 117 1
11 95 1
11 86 1
11 72 1
11 127 1
11 50 1
11 124 1
11 90 1
11 39 1
11 76 1
11 40 1
11 71 1
11 109 1
11 98 1
11 114 1
11 143 1
11 70 1
11 33 1
11 97 1
11 139 1
11 88 1
11 133 1
11 89 1
11 55 1
11 37 1
12 59 1
12 107 1
12 19 1
12 94 1
12 119 1
12 148 1
12 57 1
12 111 1
12 14 1
12 100 1
12 69 1
12 78 1
12 54 1
12 31 1
12 70 1
12 129 1
12 32 1
12 85 1
12 146 1
12 95 1
12 52 1
12 55 1
12 117 1
12 62 1
12 71 1
12 90 1
12 75 1
12 108 1
12 45 1
12 28 1
12 20 1
12 36 1
12 132 1
12 118 1
12 88 1
12 89 1
12 145 1
12 13 1
12 51 1
12 109 1
12 60 1
12 53 1
12 18 1
12 35 1
12 135 1
12 83 1
12 81 1
12 103 1
12 92 1
12 63 1
12 15 1
12 150 1
12 33 1
12 93 1
12 47 1
12 58 1
12 96 1
12 26 1
12 29 1
12 106 1
12 34 1
12 67 1
12 144 1
12 120 1
12 123 1
12 72 1
12 39 1
13 96 1
13 82 1
13 127 1
13 137 1
13 105 1
13 134 1
13 141 1
13 51 1
13 101 1
13 139 1
13 45 1
13 123 1
13 37 1
13 68 1
13 73 1
13 46 1
13 93 1
13 102 1
13 86 1
13 126 1
13 23 1
13 136 1
13 117 1
13 108 1
13 39 1
13 81 1
13 111 1
13 43 1
13 75 1
13 124 1
13 71 1
13 58 1
13 22 1
13 88 1
13 69 1
13 31 1
13 143 1
13 28 1
13 50 1
13 80 1
13 65 1
13 79 1
13 53 1
13 15 1
13 67 1
13 21 1
13 106 1
13 99 1
13 34 1
13 103 1
13 74 1
13 48 1
13 14 1
13 40 1
13 70 1
13 131 1
13 91 1
13 144 1
13 62 1
13 89 1
13 44 1
13 56 1
13 146 1
13 138 1
13 55 1
13 90 1
13 95 1
13 129 1
13 147 1
13 30 1
13 107 1
13 148 1
13 20 1
14 150 1
14 122 1
14 116 1
14 71 1
14 31 1
14 121 1
14 145 1
14 17 1
14 29 1
14 82 1
14 51 1
14 72 1
14 46 1
14 138 1
14 91 1
14 136 1
14 40 1
14 96 1
14 27 1
14 19 1
14 101 1
14 68 1
14 28 1
14 73 1
14 32 1
14 38 1
14 15 1
14 134 1
14 34 1
14 42 1
14 144 1
14 21 1
14 143 1
14 111 1
14 55 1
14 130 1
14 57 1
14 114 1
14 74 1
14 64 1
14 30 1
14 48 1
14 120 1
14 99 1
14 149 1
14 86 1
14 89 1
14 127 1
14 61 1
14 20 1
14 43 1
14 67 1
14 124 1
14 108 1
14 100 1
14 77 1
14 118 1
14 131 1
14 117 1
14 106 1
14 66 1
14 115 1
14 95 1
14 53 1
14 85 1
14 49 1
14 125 1
14 81 1
15 91 1
15 30 1
15 133 1
15 54 1
15 20 1
15 78 1
15 37 1
15 104 1
15 74 1
15 119 1
15 90 1
15 92 1
15 131 1
15 87 1
15 55 1
15 40 1
15 126 1
15 77 1
15 66 1
15 26 1
15 125 1
15 148 1
15 32 1
15 22 1
15 84 1
15 144 1
15 109 1
15 88 1
15 105 1
15 81 1
15 57 1
15 146 1
15 107 1
15 43 1
15 106 1
15 114 1
15 19 1
15 38 1
15 59 1
15 141 1
15 65 1
15 129 1
15 134 1
15 112 1
15 98 1
15 139 1
15 60 1
15 48 1
15 82 1
15 45 1
15 115 1
15 17 1
15 51 1
15 75 1
15 58 1
15 68 1
15 53 1
15 128 1
15 140 1
15 127 1
15 50 1
15 102 1
15 99 1
15 70 1
15 97 1
15 100 1
15 116 1
15 101 1
15 61 1
15 138 1
16 63 1
16 43 1
16 78 1
16 131 1
16 106 1
16 90 1
16 102 1
16 92 1
16 26 1
16 55 1
16 143 1
16 37 1
16 128 1
16 54 1
16 31 1
16 98 1
16 137 1
16 32 1
16 103 1
16 84 1
16 80 1
16 108 1
16 88 1
16 21 1
16 72 1
16 40 1
16 117 1
16 38 1
16 146 1
16 39 1
16 81 1
16 112 1
16 109 1
16 58 1
16 24 1
16 35 1
16 65 1
16 70 1
16 57 1
16 125 1
16 27 1
16 116 1
16 95 1
16 140 1
16 19 1
16 96 1
16 132 1
16 82 1
16 34 1
16 101 1
16 52 1
16 86 1
16 94 1
16 25 1
16 142 1
16 48 1
16 139 1
16 115 1
16 111 1
16 110 1
16 144 1
16 136 1
16 126 1
16 123 1
16 75 1
17 74 1
17 101 1
17 33 1
17 113 1
17 28 1
17 25 1
17 123 1
17 72 1
17 78 1
17 65 1
17 140 1
17 23 1
17 57 1
17 81 1
17 115 1
17 60 1
17 129 1
17 148 1
17 145 1
17 133 1
17 105 1
17 50 1
17 22 1
17 73 1
17 56 1
17 83 1
17 89 1
17 121 1
17 42 1
17 128 1
17 70 1
17 92 1
17 59 1
17 64 1
17 131 1
17 41 1
17 99 1
17 108 1
17 82 1
17 107 1
17 103 1
17 111 1
17 45 1
17 38 1
17 117 1
17 96 1
17 110 1
17 69 1
17 114 1
17 122 1
17 63 1
17 51 1
17 68 1
17 77 1
17 143 1
17 102 1
17 19 1
17 106 1
17 150 1
17 75 1
17 67 1
17 35 1
17 26 1
18 95 1
18 106 1
18 119 1
18 68 1
18 51 1
18 122 1
18 146 1
18 86 1
18 114 1
18 103 1
18 90 1
18 62 1
18 53 1
18 23 1
18 98 1
18 107 1
18 35 1
18 74 1
18 47 1
18 123 1
18 76 1
18 149 1
18 21 1
18 83 1
18 41 1
18 82 1
18 26 1
18 27 1
18 96 1
18 99 1
18 61 1
18 141 1
18 55 1
18 72 1
18 124 1
18 135 1
18 85 1
18 89 1
18 118 1
18 54 1
18 69 1
18 57 1
18 142 1
18 48 1
18 59 1
18 25 1
18 88 1
18 42 1
18 30 1
18 46 1
18 116 1
18 63 1
18 36 1
18 38 1
18 100 1
18 115 1
18 39 1
18 78 1
18 28 1
18 52 1
18 137 1
18 50 1
18 49 1
18 65 1
18 80 1
18 97 1
18 130 1
18 121 1
18 29 1
18 128 1
19 149 1
19 58 1
19 24 1
19 97 1
19 25 1
19 72 1
19 122 1
19 150 1
19 71 1
19 131 1
19 95 1
19 52 1
19 139 1
19 125 1
19 40 1
19 144 1
19 30 1
19 92 1
19 66 1
19 84 1
19 100 1
19 121 1
19 98 1
19 126 1
19 78 1
19 46 1
19 115 1
19 79 1
19 62 1
19 147 1
19 36 1
19 61 1
19 44 1
19 81 1
19 111 1
19 135 1
19 57 1
19 110 1
19 23 1
19 141 1
19 93 1
19 69 1
19 148 1
19 67 1
19 137 1
19 29 1
19 68 1
19 31 1
19 116 1
19 136 1
19 54 1
19 38 1
19 128 1
19 117 1
19 106 1
19 53 1
19 129 1
19 127 1
19 50 1
19 133 1
19 99 1
19 101 1
19 85 1
19 73 1
19 55 1
19 109 1
19 32 1
20 81 1
20 62 1
20 60 1
20 83 1
20 70 1
20 93 1
20 101 1
20 41 1
20 64 1
20 58 1
20 61 1
20 145 1
20 65 1
20 103 1
20 38 1
20 108 1
20 114 1
20 36 1
20 100 1
20 133 1
20 92 1
20 102 1
20 130 1
20 53 1
20 138 1
20 120 1
20 80 1
20 126 1
20 49 1
20 96 1
20 71 1
20 105 1
20 90 1
20 95 1
20 50 1
20 141 1
20 118 1
20 76 1
20 132 1
20 85 1
20 113 1
20 128 1
20 150 1
20 21 1
20 75 1
20 109 1
20 88 1
20 67 1
20 40 1
20 37 1
20 116 1
20 56 1
20 144 1
20 43 1
20 89 1
20 33 1
20 57 1
20 77 1
20 63 1
21 22 1
21 89 1
21 133 1
21 144 1
21 134 1
21 93 1
21 85 1
21 48 1
21 98 1
21 65 1
21 56 1
21 86 1
21 119 1
21 39 1
21 150 1
21 42 1
21 66 1
21 127 1
21 100 1
21 92 1
21 147 1
21 29 1
21 69 1
21 50 1
21 123 1
21 23 1
21 114 1
21 136 1
21 122 1
21 128 1
21 130 1
21 121 1
21 58 1
21 131 1
21 99 1
21 110 1
21 36 1
21 34 1
21 35 1
21 33 1
21 111 1
21 82 1
21 78 1
21 149 1
21 74 1
21 142 1
21 132 1
21 140 1
21 30 1
21 71 1
21 87 1
21 117 1
21 41 1
21 62 1
21 67 1
21 61 1
22 32 1
22 83 1
22 35 1
22 39 1
22 76 1
22 68 1
22 63 1
22 120 1
22 49 1
22 136 1
22 118 1
22 24 1
22 138 1
22 48 1
22 70 1
22 34 1
22 113 1
22 149 1
22 84 1
22 112 1
22 97 1
22 29 1
22 74 1
22 125 1
22 75 1
22 146 1
22 69 1
22 59 1
22 119 1
22 66 1
22 96 1
22 93 1
22 41 1
22 114 1
22 62 1
22 89 1
22 78 1
22 137 1
22 77 1
22 150 1
22 95 1
22 144 1
22 33 1
22 126 1
22 139 1
22 135 1
22 117 1
22 85 1
22 71 1
22 110 1
22 88 1
22 82 1
22 55 1
22 91 1
22 44 1
22 132 1
22 104 1
22 131 1
22 57 1
22 111 1
22 54 1
22 65 1
22 99 1
22 115 1
23 77 1
23 122 1
23 57 1
23 24 1
23 94 1
23 43 1
23 104 1
23 69 1
23 31 1
23 54 1
23 100 1
23 89 1
23 71 1
23 30 1
23 66 1
23 58 1
23 48 1
23 33 1
23 41 1
23 29 1
23 95 1
23 144 1
23 99 1
23 117 1
23 37 1
23 78 1
23 82 1
23 67 1
23 72 1
23 101 1
23 111 1
23 27 1
23 80 1
23 110 1
23 76 1
23 49 1
23 32 1
23 38 1
23 148 1
23 137 1
23 103 1
23 129 1
23 113 1
23 87 1
23 28 1
23 75 1
23 42 1
23 107 1
23 130 1
23 83 1
23 63 1
23 126 1
23 60 1
23 102 1
23 97 1
23 116 1
23 68 1
23 84 1
23 142 1
23 61 1
23 127 1
23 114 1
23 85 1
24 71 1
24 31 1
24 141 1
24 111 1
24 83 1
24 91 1
24 57 1
24 27 1
24 37 1
24 128 1
24 42 1
24 89 1
24 64 1
24 101 1
24 96 1
24 58 1
24 73 1
24 150 1
24 65 1
24 104 1
24 50 1
24 110 1
24 76 1
24 47 1
24 81 1
24 119 1
24 33 1
24 87 1
24 75 1
24 55 1
24 147 1
24 30 1
24 98 1
24 132 1
24 131 1
24 35 1
24 34 1
24 63 1
24 66 1
24 61 1
24 62 1
24 86 1
24 129 1
24 140 1
24 122 1
24 144 1
24 117 1
24 95 1
24 54 1
24 28 1
24 100 1
24 127 1
24 90 1
24 49 1
24 26 1
24 82 1
24 60 1
24 115 1
24 130 1
24 137 1
24 121 1
24 136 1
24 29 1
24 80 1
24 107 1
25 49 1
25 145 1
25 42 1
25 116 1
25 128 1
25 73 1
25 138 1
25 149 1
25 104 1
25 78 1
25 148 1
25 79 1
25 142 1
25 85 1
25 80 1
25 81 1
25 72 1
25 51 1
25 105 1
25 98 1
25 93 1
25 95 1
25 147 1
25 35 1
25 113 1
25 34 1
25 132 1
25 122 1
25 27 1
25 84 1
25 107 1
25 144 1
25 133 1
25 136 1
25 89 1
25 46 1
25 103 1
25 123 1
25 92 1
25 150 1
25 96 1
25 57 1
25 48 1
25 124 1
25 59 1
25 131 1
25 120 1
25 111 1
25 75 1
25 33 1
25 117 1
25 38 1
25 125 1
25 32 1
25 106 1
25 118 1
25 121 1
25 140 1
25 64 1
25 76 1
25 44 1
25 112 1
25 36 1
25 62 1
25 26 1
25 83 1
25 58 1
25 101 1
25 94 1
25 141 1
25 108 1
26 51 1
26 136 1
26 90 1
26 75 1
26 101 1
26 134 1
26 72 1
26 119 1
26 84 1
26 129 1
26 137 1
26 94 1
26 115 1
26 76 1
26 45 1
26 39 1
26 74 1
26 143 1
26 95 1
26 122 1
26 85 1
26 146 1
26 63 1
26 27 1
26 128 1
26 126 1
26 148 1
26 68 1
26 130 1
26 99 1
26 82 1
26 52 1
26 38 1
26 42 1
26 88 1
26 43 1
26 111 1
26 40 1
26 32 1
26 62 1
26 54 1
26 127 1
26 87 1
26 49 1
26 120 1
26 44 1
26 141 1
26 50 1
26 118 1
26 139 1
26 92 1
26 31 1
26 77 1
26 57 1
26 80 1
26 123 1
26 47 1
26 102 1
26 41 1
26 113 1
26 112 1
26 131 1
26 107 1
26 89 1
27 147 1
27 60 1
27 142 1
27 69 1
27 66 1
27 97 1
27 63 1
27 141 1
27 110 1
27 107 1
27 136 1
27 101 1
27 68 1
27 42 1
27 39 1
27 86 1
27 150 1
27 130 1
27 32 1
27 54 1
27 131 1
27 137 1
27 71 1
27 112 1
27 59 1
27 140 1
27 96 1
27 33 1
27 70 1
27 31 1
27 122 1
27 146 1
27 121 1
27 134 1
27 94 1
27 102 1
27 115 1
27 47 1
27 128 1
27 34 1
27 75 1
27 138 1
27 67 1
27 38 1
27 61 1
27 133 1
27 148 1
27 72 1
27 90 1
27 143 1
27 117 1
27 48 1
27 41 1
27 118 1
27 89 1
28 72 1
28 114 1
28 79 1
28 73 1
28 123 1
28 131 1
28 108 1
28 98 1
28 65 1
28 91 1
28 112 1
28 143 1
28 95 1
28 70 1
28 89 1
28 99 1
28 107 1
28 50 1
28 62 1
28 132 1
28 83 1
28 145 1
28 100 1
28 29 1
28 34 1
28 118 1
28 87 1
28 134 1
28 56 1
28 47 1
28 133 1
28 85 1
28 97 1
28 58 1
28 92 1
28 49 1
28 55 1
28 84 1
28 115 1
28 94 1
28 46 1
28 101 1
28 140 1
28 42 1
28 124 1
28 64 1
28 54 1
28 110 1
28 141 1
28 86 1
28 51 1
28 37 1
28 88 1
28 52 1
28 139 1
28 82 1
29 78 1
29 58 1
29 134 1
29 45 1
29 49 1
29 79 1
29 110 1
29 124 1
29 41 1
29 63 1
29 93 1
29 67 1
29 97 1
29 109 1
29 138 1
29 91 1
29 74 1
29 30 1
29 62 1
29 60 1
29 127 1
29 121 1
29 130 1
29 42 1
29 117 1
29 72 1
29 92 1
29 31 1
29 87 1
29 51 1
29 122 1
29 44 1
29 39 1
29 115 1
29 145 1
29 75 1
29 113 1
29 104 1
29 137 1
29 69 1
29 123 1
29 103 1
29 68 1
29 150 1
29 88 1
29 90 1
29 125 1
29 53 1
29 85 1
29 77 1
29 80 1
29 99 1
29 108 1
29 43 1
29 37 1
29 59 1
29 136 1
29 141 1
29 86 1
29 129 1
29 83 1
29 65 1
29 132 1
29 71 1
29 120 1
29 40 1
30 39 1
30 85 1
30 93 1
30 77 1
30 98 1
30 46 1
30 126 1
30 118 1
30 138 1
30 103 1
30 42 1
30 94 1
30 115 1
30 116 1
30 132 1
30 114 1
30 50 1
30 120 1
30 97 1
30 40 1
30 83 1
30 107 1
30 57 1
30 60 1
30 72 1
30 63 1
30 141 1
30 102 1
30 51 1
30 150 1
30 125 1
30 65 1
30 122 1
30 100 1
30 129 1
30 59 1
30 127 1
30 136 1
30 48 1
30 44 1
30 111 1
30 53 1
30 101 1
30 61 1
30 62 1
30 92 1
30 69 1
30 75 1
30 64 1
30 139 1
30 96 1
30 110 1
30 87 1
30 82 1
30 144 1
30 41 1
30 45 1
30 104 1
31 134 1
31 147 1
31 131 1
31 69 1
31 42 1
31 137 1
31 101 1
31 108 1
31 58 1
31 121 1
31 81 1
31 97 1
31 83 1
31 68 1
31 74 1
31 53 1
31 93 1
31 65 1
31 55 1
31 123 1
31 78 1
31 52 1
31 102 1
31 106 1
31 135 1
31 47 1
31 43 1
31 89 1
31 72 1
31 103 1
31 96 1
31 127 1
31 88 1
31 104 1
31 149 1
31 61 1
31 67 1
31 77 1
31 91 1
31 87 1
31 73 1
31 133 1
31 148 1
31 59 1
31 66 1
31 130 1
31 105 1
31 60 1
31 40 1
31 138 1
31 45 1
31 49 1
31 107 1
31 80 1
31 141 1
31 109 1
31 124 1
31 94 1
31 63 1
31 125 1
31 113 1
31 36 1
31 100 1
31 32 1
32 74 1
32 81 1
32 65 1
32 132 1
32 109 1
32 149 1
32 49 1
32 43 1
32 104 1
32 105 1
32 45 1
32 42 1
32 112 1
32 144 1
32 128 1
32 33 1
32 122 1
32 114 1
32 44 1
32 133 1
32 97 1
32 131 1
32 121 1
32 35 1
32 130 1
32 34 1
32 123 1
32 85 1
32 80 1
32 71 1
32 75 1
32 61 1
32 55 1
32 90 1
32 69 1
32 136 1
32 134 1
32 148 1
32 56 1
32 48 1
32 79 1
32 143 1
32 86 1
32 67 1
32 88 1
32 64 1
32 46 1
32 107 1
32 66 1
32 108 1
32 137 1
32 57 1
32 138 1
32 139 1
32 62 1
32 76 1
32 38 1
32 78 1
32 73 1
32 95 1
32 146 1
32 91 1
32 68 1
32 116 1
32 125 1
32 41 1
32 117 1
32 127 1
33 94 1
33 54 1
33 145 1
33 84 1
33 46 1
33 58 1
33 150 1
33 95 1
33 67 1
33 121 1
33 35 1
33 129 1
33 90 1
33 91 1
33 98 1
33 110 1
33 103 1
33 37 1
33 66 1
33 52 1
33 85 1
33 43 1
33 56 1
33 149 1
33 88 1
33 89 1
33 138 1
33 93 1
33 143 1
33 122 1
33 115 1
33 83 1
33 137 1
33 73 1
33 87 1
33 108 1
33 69 1
33 109 1
33 62 1
33 114 1
33 97 1
33 47 1
33 120 1
33 63 1
33 42 1
33 75 1
33 80 1
33 139 1
33 131 1
33 36 1
33 70 1
33 38 1
33 49 1
33 133 1
33 104 1
33 107 1
33 48 1
33 125 1
34 82 1
34 137 1
34 79 1
34 84 1
34 46 1
34 73 1
34 126 1
34 138 1
34 62 1
34 50 1
34 101 1
34 86 1
34 88 1
34 91 1
34 102 1
34 132 1
34 59 1
34 136 1
34 43 1
34 77 1
34 100 1
34 92 1
34 112 1
34 90 1
34 103 1
34 121 1
34 148 1
34 130 1
34 135 1
34 45 1
34 37 1
34 119 1
34 97 1
34 78 1
34 108 1
34 129 1
34 117 1
34 89 1
34 83 1
34 41 1
34 99 1
34 40 1
34 120 1
34 36 1
34 127 1
34 55 1
34 139 1
34 68 1
34 80 1
34 140 1
34 142 1
34 44 1
34 35 1
34 110 1
34 64 1
34 143 1
34 95 1
34 124 1
34 75 1
34 113 1
34 114 1
35 104 1
35 99 1
35 112 1
35 89 1
35 110 1
35 129 1
35 57 1
35 92 1
35 43 1
35 60 1
35 128 1
35 98 1
35 146 1
35 119 1
35 71 1
35 53 1
35 125 1
35 149 1
35 122 1
35 37 1
35 142 1
35 68 1
35 79 1
35 88 1
35 69 1
35 133 1
35 118 1
35 134 1
35 38 1
35 124 1
35 145 1
35 81 1
35 103 1
35 90 1
35 84 1
35 61 1
35 52 1
35 66 1
35 108 1
35 42 1
35 94 1
35 51 1
35 148 1
35 41 1
35 97 1
35 132 1
35 76 1
35 107 1
35 106 1
35 86 1
35 113 1
35 77 1
35 117 1
35 44 1
35 49 1
35 127 1
35 63 1
35 115 1
35 64 1
35 105 1
35 93 1
35 48 1
35 126 1
36 103 1
36 145 1
36 105 1
36 147 1
36 59 1
36 132 1
36 44 1
36 67 1
36 121 1
36 126 1
36 68 1
36 74 1
36 138 1
36 100 1
36 115 1
36 72 1
36 90 1
36 123 1
36 94 1
36 117 1
36 49 1
36 39 1
36 61 1
36 40 1
36 119 1
36 57 1
36 79 1
36 97 1
36 133 1
36 116 1
36 54 1
36 73 1
36 127 1
36 134 1
36 101 1
36 84 1
36 53 1
36 144 1
36 66 1
36 128 1
36 37 1
36 98 1
36 45 1
36 150 1
36 131 1
36 71 1
36 46 1
36 146 1
36 85 1
36 109 1
36 93 1
36 87 1
36 102 1
36 135 1
36 80 1
37 95 1
37 80 1
37 108 1
37 93 1
37 62 1
37 39 1
37 90 1
37 91 1
37 87 1
37 86 1
37 113 1
37 75 1
37 68 1
37 102 1
37 70 1
37 144 1
37 38 1
37 74 1
37 117 1
37 61 1
37 54 1
37 83 1
37 115 1
37 149 1
37 145 1
37 114 1
37 77 1
37 103 1
37 107 1
37 134 1
37 99 1
37 100 1
37 141 1
37 78 1
37 150 1
37 58 1
37 106 1
37 72 1
37 42 1
37 130 1
37 98 1
37 110 1
37 60 1
37 101 1
37 59 1
37 44 1
37 69 1
37 139 1
37 66 1
38 104 1
38 135 1
38 113 1
38 50 1
38 40 1
38 127 1
38 47 1
38 53 1
38 63 1
38 150 1
38 122 1
38 138 1
38 96 1
38 112 1
38 56 1
38 98 1
38 39 1
38 99 1
38 84 1
38 54 1
38 145 1
38 58 1
38 94 1
38 111 1
38 101 1
38 117 1
38 105 1
38 68 1
38 116 1
38 136 1
38 88 1
38 144 1
38 137 1
38 103 1
38 114 1
38 142 1
38 100 1
38 74 1
38 106 1
38 61 1
38 73 1
38 107 1
38 79 1
38 124 1
38 48 1
38 81 1
38 146 1
38 108 1
38 51 1
38 43 1
38 141 1
38 133 1
38 80 1
38 62 1
38 52 1
38 55 1
38 59 1
38 93 1
38 83 1
38 82 1
38 134 1
38 126 1
38 118 1
39 82 1
39 40 1
39 63 1
39 97 1
39 137 1
39 139 1
39 66 1
39 112 1
39 129 1
39 94 1
39 95 1
39 65 1
39 49 1
39 84 1
39 106 1
39 46 1
39 77 1
39 60 1
39 56 1
39 145 1
39 115 1
39 57 1
39 119 1
39 127 1
39 101 1
39 147 1
39 51 1
39 128 1
39 130 1
39 42 1
39 89 1
39 64 1
39 105 1
39 41 1
39 91 1
39 69 1
39 131 1
39 92 1
39 114 1
39 96 1
39 124 1
39 52 1
39 47 1
39 50 1
39 45 1
39 80 1
39 103 1
39 102 1
39 113 1
39 120 1
39 118 1
39 138 1
39 71 1
39 98 1
39 122 1
39 68 1
39 108 1
39 143 1
39 148 1
39 76 1
39 104 1
39 90 1
39 93 1
40 97 1
40 66 1
40 92 1
40 79 1
40 101 1
40 87 1
40 146 1
40 129 1
40 88 1
40 96 1
40 130 1
40 149 1
40 140 1
40 95 1
40 113 1
40 77 1
40 107 1
40 105 1
40 63 1
40 150 1
40 83 1
40 116 1
40 89 1
40 57 1
40 111 1
40 78 1
40 60 1
40 119 1
40 112 1
40 55 1
40 76 1
40 52 1
40 41 1
40 84 1
40 69 1
40 59 1
40 49 1
40 109 1
40 118 1
40 98 1
40 53 1
40 42 1
40 43 1
40 91 1
40 139 1
40 127 1
40 106 1
40 99 1
40 142 1
40 125 1
40 50 1
40 85 1
40 64 1
40 47 1
40 61 1
40 122 1
40 134 1
40 44 1
41 50 1
41 135 1
41 69 1
41 145 1
41 149 1
41 52 1
41 116 1
41 112 1
41 49 1
41 120 1
41 122 1
41 133 1
41 143 1
41 125 1
41 95 1
41 84 1
41 98 1
41 141 1
41 72 1
41 110 1
41 54 1
41 146 1
41 85 1
41 124 1
41 132 1
41 94 1
41 111 1
41 128 1
41 93 1
41 75 1
41 101 1
41 73 1
41 63 1
41 82 1
41 131 1
41 121 1
41 123 1
41 46 1
41 89 1
41 57 1
41 71 1
41 70 1
41 114 1
41 147 1
41 42 1
41 47 1
41 109 1
41 44 1
41 68 1
41 55 1
42 121 1
42 120 1
42 69 1
42 84 1
42 45 1
42 145 1
42 67 1
42 118 1
42 76 1
42 135 1
42 137 1
42 98 1
42 79 1
42 126 1
42 92 1
42 106 1
42 100 1
42 99 1
42 85 1
42 128 1
42 47 1
42 61 1
42 130 1
42 88 1
42 129 1
42 144 1
42 63 1
42 140 1
42 50 1
42 97 1
42 44 1
42 43 1
42 108 1
42 146 1
42 111 1
42 149 1
42 60 1
42 53 1
42 49 1
42 90 1
42 58 1
42 87 1
42 62 1
42 110 1
42 138 1
42 141 1
42 127 1
42 102 1
42 95 1
42 113 1
42 112 1
43 46 1
43 129 1
43 122 1
43 148 1
43 147 1
43 54 1
43 120 1
43 123 1
43 139 1
43 107 1
43 89 1
43 44 1
43 73 1
43 60 1
43 109 1
43 138 1
43 132 1
43 71 1
43 63 1
43 79 1
43 49 1
43 98 1
43 47 1
43 140 1
43 67 1
43 119 1
43 83 1
43 72 1
43 121 1
43 118 1
43 96 1
43 66 1
43 86 1
43 106 1
43 150 1
43 68 1
43 77 1
43 69 1
43 92 1
43 114 1
43 59 1
43 108 1
43 95 1
43 101 1
43 45 1
43 51 1
43 133 1
43 128 1
43 141 1
44 96 1
44 113 1
44 114 1
44 59 1
44 82 1
44 93 1
44 45 1
44 150 1
44 60 1
44 53 1
44 139 1
44 73 1
44 52 1
44 121 1
44 69 1
44 145 1
44 138 1
44 75 1
44 118 1
44 85 1
44 46 1
44 77 1
44 87 1
44 55 1
44 149 1
44 48 1
44 146 1
44 101 1
44 136 1
44 122 1
44 98 1
44 100 1
44 94 1
44 147 1
44 104 1
44 72 1
44 70 1
44 124 1
44 116 1
44 65 1
44 51 1
44 103 1
44 62 1
44 107 1
44 135 1
44 99 1
44 119 1
44 88 1
44 109 1
44 83 1
45 79 1
45 115 1
45 47 1
45 92 1
45 64 1
45 128 1
45 126 1
45 125 1
45 96 1
45 100 1
45 134 1
45 146 1
45 94 1
45 53 1
45 49 1
45 98 1
45 104 1
45 135 1
45 67 1
45 121 1
45 145 1
45 131 1
45 118 1
45 93 1
45 46 1
45 74 1
45 71 1
45 59 1
45 54 1
45 83 1
45 99 1
45 143 1
45 84 1
45 139 1
45 136 1
45 130 1
45 63 1
45 76 1
45 90 1
45 114 1
45 113 1
45 78 1
45 103 1
45 122 1
45 72 1
45 111 1
45 119 1
45 55 1
45 80 1
45 137 1
45 129 1
45 102 1
45 97 1
45 116 1
45 89 1
45 150 1
45 105 1
45 138 1
45 133 1
45 95 1
46 54 1
46 122 1
46 146 1
46 124 1
46 136 1
46 125 1
46 78 1
46 49 1
46 51 1
46 59 1
46 52 1
46 103 1
46 81 1
46 57 1
46 123 1
46 100 1
46 62 1
46 73 1
46 113 1
46 87 1
46 127 1
46 142 1
46 150 1
46 55 1
46 84 1
46 137 1
46 140 1
46 107 1
46 94 1
46 109 1
46 105 1
46 129 1
46 79 1
46 110 1
46 99 1
46 85 1
46 141 1
46 132 1
46 111 1
46 88 1
46 65 1
46 128 1
46 96 1
46 93 1
46 145 1
46 101 1
46 104 1
46 112 1
46 75 1
46 92 1
46 68 1
46 130 1
46 117 1
46 149 1
46 115 1
47 77 1
47 82 1
47 120 1
47 79 1
47 53 1
47 69 1
47 144 1
47 78 1
47 113 1
47 93 1
47 106 1
47 105 1
47 83 1
47 148 1
47 58 1
47 121 1
47 91 1
47 85 1
47 125 1
47 98 1
47 88 1
47 99 1
47 84 1
47 138 1
47 81 1
47 145 1
47 71 1
47 104 1
47 134 1
47 63 1
47 60 1
47 111 1
47 115 1
47 123 1
47 143 1
47 80 1
47 107 1
47 89 1
47 122 1
47 110 1
47 114 1
47 48 1
47 112 1
47 136 1
47 70 1
47 96 1
47 68 1
47 147 1
47 62 1
48 72 1
48 140 1
48 69 1
48 57 1
48 101 1
48 63 1
48 73 1
48 54 1
48 124 1
48 143 1
48 112 1
48 131 1
48 77 1
48 60 1
48 144 1
48 126 1
48 64 1
48 135 1
48 67 1
48 98 1
48 130 1
48 84 1
48 132 1
48 127 1
48 96 1
48 111 1
48 115 1
48 147 1
48 82 1
48 121 1
48 93 1
48 74 1
48 85 1
48 133 1
48 71 1
48 148 1
48 56 1
48 114 1
48 79 1
48 78 1
48 97 1
48 137 1
48 90 1
48 102 1
48 80 1
48 150 1
48 83 1
48 53 1
48 107 1
49 102 1
49 78 1
49 124 1
49 112 1
49 93 1
49 87 1
49 84 1
49 138 1
49 140 1
49 115 1
49 109 1
49 59 1
49 65 1
49 70 1
49 135 1
49 136 1
49 128 1
49 90 1
49 69 1
49 99 1
49 145 1
49 113 1
49 149 1
49 117 1
49 63 1
49 105 1
49 62 1
49 55 1
49 147 1
49 148 1
49 100 1
49 71 1
49 86 1
49 68 1
49 130 1
49 89 1
49 83 1
49 67 1
49 141 1
49 52 1
49 125 1
49 134 1
49 97 1
49 88 1
49 107 1
49 82 1
49 66 1
49 57 1
49 127 1
49 91 1
50 117 1
50 97 1
50 62 1
50 85 1
50 125 1
50 91 1
50 95 1
50 116 1
50 140 1
50 110 1
50 65 1
50 75 1
50 129 1
50 56 1
50 107 1
50 150 1
50 73 1
50 66 1
50 148 1
50 103 1
50 109 1
50 136 1
50 105 1
50 76 1
50 141 1
50 132 1
50 68 1
50 72 1
50 77 1
50 55 1
50 134 1
50 120 1
50 90 1
50 93 1
50 88 1
50 89 1
50 86 1
50 138 1
50 67 1
50 106 1
50 52 1
50 123 1
50 145 1
50 113 1
51 52 1
51 109 1
51 112 1
51 83 1
51 75 1
51 76 1
51 100 1
51 134 1
51 138 1
51 93 1
51 137 1
51 111 1
51 108 1
51 59 1
51 77 1
51 80 1
51 86 1
51 123 1
51 73 1
51 68 1
51 121 1
51 88 1
51 105 1
51 150 1
51 145 1
51 69 1
51 140 1
51 57 1
51 87 1
51 63 1
51 120 1
51 144 1
51 104 1
51 135 1
51 98 1
51 131 1
51 106 1
51 96 1
51 115 1
51 126 1
51 67 1
51 58 1
51 94 1
51 147 1
51 78 1
51 124 1
51 95 1
51 149 1
52 81 1
52 102 1
52 134 1
52 60 1
52 97 1
52 108 1
52 77 1
52 104 1
52 124 1
52 123 1
52 111 1
52 101 1
52 103 1
52 67 1
52 116 1
52 82 1
52 84 1
52 62 1
52 100 1
52 130 1
52 78 1
52 150 1
52 115 1
52 133 1
52 128 1
52 132 1
52 56 1
52 96 1
52 57 1
52 53 1
52 137 1
52 99 1
52 79 1
52 106 1
52 129 1
52 55 1
52 113 1
52 63 1
52 75 1
52 58 1
52 72 1
52 85 1
53 109 1
53 123 1
53 102 1
53 85 1
53 84 1
53 88 1
53 73 1
53 72 1
53 98 1
53 126 1
53 112 1
53 56 1
53 91 1
53 134 1
53 140 1
53 149 1
53 137 1
53 106 1
53 124 1
53 105 1
53 142 1
53 66 1
53 94 1
53 114 1
53 115 1
53 119 1
53 111 1
53 122 1
53 147 1
53 95 1
53 86 1
53 110 1
53 107 1
53 113 1
53 64 1
53 139 1
53 71 1
53 135 1
53 87 1
53 132 1
53 125 1
53 96 1
53 65 1
53 58 1
53 131 1
53 57 1
54 141 1
54 92 1
54 70 1
54 106 1
54 64 1
54 74 1
54 62 1
54 80 1
54 107 1
54 81 1
54 126 1
54 95 1
54 121 1
54 60 1
54 82 1
54 147 1
54 134 1
54 133 1
54 123 1
54 113 1
54 135 1
54 139 1
54 122 1
54 108 1
54 142 1
54 61 1
54 55 1
54 120 1
54 63 1
54 59 1
54 146 1
54 137 1
54 58 1
54 116 1
54 67 1
54 143 1
54 86 1
54 71 1
54 129 1
54 118 1
54 128 1
54 91 1
54 77 1
54 115 1
54 110 1
54 84 1
54 66 1
54 131 1
54 56 1
54 132 1
55 128 1
55 63 1
55 90 1
55 134 1
55 102 1
55 70 1
55 139 1
55 123 1
55 103 1
55 99 1
55 141 1
55 72 1
55 117 1
55 104 1
55 105 1
55 83 1
55 69 1
55 60 1
55 71 1
55 122 1
55 82 1
55 135 1
55 120 1
55 143 1
55 74 1
55 107 1
55 125 1
55 131 1
55 58 1
55 113 1
55 147 1
55 149 1
55 81 1
55 115 1
55 100 1
55 91 1
55 114 1
55 98 1
55 80 1
55 89 1
55 61 1
55 138 1
55 145 1
55 88 1
55 126 1
55 101 1
55 146 1
55 148 1
55 121 1
55 140 1
56 144 1
56 77 1
56 70 1
56 118 1
56 145 1
56 107 1
56 58 1
56 122 1
56 147 1
56 133 1
56 104 1
56 149 1
56 113 1
56 127 1
56 139 1
56 129 1
56 137 1
56 60 1
56 96 1
56 119 1
56 108 1
56 83 1
56 128 1
56 102 1
56 90 1
56 76 1
56 62 1
56 64 1
56 126 1
56 140 1
56 99 1
56 110 1
56 112 1
56 61 1
56 93 1
56 106 1
56 130 1
56 98 1
56 105 1
56 82 1
56 94 1
56 74 1
56 85 1
56 143 1
56 87 1
56 103 1
56 71 1
56 66 1
57 102 1
57 110 1
57 114 1
57 112 1
57 130 1
57 133 1
57 83 1
57 79 1
57 59 1
57 129 1
57 137 1
57 145 1
57 99 1
57 65 1
57 141 1
57 127 1
57 115 1
57 149 1
57 61 1
57 144 1
57 105 1
57 87 1
57 58 1
57 98 1
57 101 1
57 107 1
57 85 1
57 86 1
57 150 1
57 136 1
57 121 1
57 147 1
57 64 1
57 113 1
57 62 1
57 111 1
57 72 1
57 124 1
57 134 1
57 142 1
57 81 1
57 106 1
57 80 1
57 93 1
57 63 1
57 95 1
57 84 1
58 115 1
58 82 1
58 90 1
58 143 1
58 127 1
58 61 1
58 103 1
58 125 1
58 83 1
58 133 1
58 75 1
58 80 1
58 101 1
58 145 1
58 109 1
58 126 1
58 134 1
58 86 1
58 141 1
58 92 1
58 72 1
58 64 1
58 130 1
58 108 1
58 105 1
58 112 1
58 60 1
58 107 1
58 95 1
58 147 1
58 150 1
58 104 1
58 122 1
58 114 1
58 67 1
58 97 1
58 70 1
58 77 1
58 144 1
58 100 1
58 116 1
58 148 1
58 137 1
58 76 1
58 65 1
58 149 1
58 93 1
58 120 1
59 87 1
59 143 1
59 104 1
59 78 1
59 90 1
59 80 1
59 69 1
59 98 1
59 74 1
59 81 1
59 110 1
59 121 1
59 91 1
59 64 1
59 101 1
59 85 1
59 77 1
59 76 1
59 140 1
59 150 1
59 146 1
59 96 1
59 109 1
59 82 1
59 100 1
59 122 1
59 138 1
59 106 1
59 67 1
59 66 1
59 133 1
59 132 1
59 71 1
59 126 1
59 142 1
59 68 1
59 134 1
59 107 1
59 84 1
59 115 1
59 86 1
59 113 1
59 72 1
59 61 1
59 128 1
59 108 1
59 123 1
59 94 1
59 70 1
60 123 1
60 108 1
60 118 1
60 136 1
60 142 1
60 122 1
60 97 1
60 77 1
60 147 1
60 82 1
60 79 1
60 135 1
60 131 1
60 111 1
60 125 1
60 103 1
60 133 1
60 141 1
60 88 1
60 94 1
60 145 1
60 117 1
60 132 1
60 62 1
60 65 1
60 87 1
60 150 1
60 146 1
60 84 1
60 126 1
60 86 1
60 112 1
60 109 1
60 91 1
60 70 1
60 100 1
60 85 1
60 139 1
60 119 1
60 148 1
60 113 1
60 80 1
60 120 1
60 61 1
60 106 1
60 66 1
60 90 1
60 140 1
61 79 1
61 108 1
61 102 1
61 66 1
61 95 1
61 133 1
61 120 1
61 80 1
61 105 1
61 87 1
61 124 1
61 89 1
61 72 1
61 106 1
61 71 1
61 103 1
61 82 1
61 127 1
61 143 1
61 135 1
61 147 1
61 117 1
61 109 1
61 134 1
61 112 1
61 110 1
61 64 1
61 93 1
61 101 1
61 74 1
61 104 1
61 146 1
61 113 1
61 67 1
61 129 1
61 83 1
61 78 1
61 119 1
61 137 1
61 121 1
61 73 1
61 114 1
61 75 1
61 140 1
61 63 1
61 142 1
62 124 1
62 116 1
62 89 1
62 132 1
62 94 1
62 131 1
62 75 1
62 120 1
62 79 1
62 102 1
62 107 1
62 63 1
62 95 1
62 69 1
62 97 1
62 113 1
62 150 1
62 99 1
62 70 1
62 130 1
62 100 1
62 98 1
62 146 1
62 133 1
62 101 1
62 78 1
62 114 1
62 76 1
62 138 1
62 127 1
62 111 1
62 135 1
62 136 1
62 86 1
62 64 1
62 109 1
62 82 1
62 139 1
62 103 1
62 148 1
63 80 1
63 101 1
63 132 1
63 106 1
63 86 1
63 94 1
63 124 1
63 79 1
63 90 1
63 92 1
63 116 1
63 108 1
63 89 1
63 69 1
63 123 1
63 91 1
63 65 1
63 136 1
63 98 1
63 118 1
63 150 1
63 102 1
63 105 1
63 131 1
63 75 1
63 104 1
63 146 1
63 143 1
63 76 1
63 83 1
63 122 1
63 109 1
63 73 1
63 64 1
63 121 1
63 127 1
63 71 1
63 107 1
63 144 1
63 112 1
63 120 1
63 84 1
63 145 1
64 70 1
64 134 1
64 122 1
64 97 1
64 73 1
64 113 1
64 118 1
64 93 1
64 82 1
64 130 1
64 144 1
64 119 1
64 65 1
64 86 1
64 84 1
64 107 1
64 127 1
64 124 1
64 100 1
64 120 1
64 142 1
64 123 1
64 89 1
64 91 1
64 67 1
64 136 1
64 101 1
64 139 1
64 132 1
64 94 1
64 147 1
64 135 1
64 72 1
64 96 1
64 146 1
64 85 1
64 88 1
64 149 1
64 137 1
64 110 1
64 75 1
64 111 1
64 128 1
64 131 1
64 125 1
65 145 1
65 142 1
65 92 1
65 71 1
65 116 1
65 144 1
65 99 1
65 66 1
65 93 1
65 149 1
65 68 1
65 146 1
65 117 1
65 79 1
65 118 1
65 83 1
65 95 1
65 113 1
65 134 1
65 138 1
65 129 1
65 132 1
65 137 1
65 128 1
65 112 1
65 131 1
65 78 1
65 140 1
65 75 1
65 122 1
65 69 1
65 100 1
65 86 1
65 130 1
65 121 1
65 123 1
65 89 1
65 91 1
65 84 1
65 82 1
65 72 1
65 108 1
65 139 1
65 96 1
65 133 1
66 117 1
66 133 1
66 138 1
66 118 1
66 140 1
66 128 1
66 103 1
66 105 1
66 149 1
66 120 1
66 139 1
66 89 1
66 67 1
66 145 1
66 101 1
66 74 1
66 135 1
66 102 1
66 91 1
66 142 1
66 143 1
66 84 1
66 92 1
66 129 1
66 71 1
66 70 1
66 141 1
66 76 1
66 83 1
66 88 1
66 85 1
66 82 1
66 79 1
66 69 1
66 119 1
66 148 1
66 134 1
66 108 1
66 136 1
66 125 1
66 80 1
66 96 1
66 112 1
67 116 1
67 74 1
67 94 1
67 129 1
67 100 1
67 73 1
67 104 1
67 124 1
67 125 1
67 144 1
67 97 1
67 139 1
67 77 1
67 136 1
67 108 1
67 148 1
67 106 1
67 147 1
67 131 1
67 101 1
67 135 1
67 107 1
67 138 1
67 114 1
67 86 1
67 142 1
67 69 1
67 119 1
67 85 1
67 123 1
67 76 1
67 112 1
67 99 1
67 81 1
67 84 1
67 75 1
67 111 1
67 122 1
67 78 1
68 81 1
68 140 1
68 86 1
68 129 1
68 104 1
68 77 1
68 144 1
68 108 1
68 131 1
68 96 1
68 83 1
68 101 1
68 115 1
68 79 1
68 112 1
68 109 1
68 132 1
68 93 1
68 107 1
68 123 1
68 113 1
68 146 1
68 126 1
68 98 1
68 141 1
68 135 1
68 130 1
68 90 1
68 73 1
68 114 1
68 70 1
68 92 1
68 142 1
68 78 1
68 89 1
68 147 1
68 117 1
68 120 1
68 143 1
68 75 1
68 127 1
68 82 1
68 105 1
68 148 1
68 106 1
69 77 1
69 94 1
69 136 1
69 87 1
69 140 1
69 115 1
69 132 1
69 122 1
69 81 1
69 105 1
69 76 1
69 129 1
69 110 1
69 73 1
69 149 1
69 113 1
69 130 1
69 146 1
69 86 1
69 117 1
69 96 1
69 109 1
69 145 1
69 124 1
69 125 1
69 78 1
69 106 1
69 70 1
69 72 1
69 91 1
69 80 1
69 148 1
69 144 1
69 100 1
69 133 1
69 104 1
69 93 1
69 111 1
69 103 1
70 139 1
70 134 1
70 126 1
70 117 1
70 81 1
70 122 1
70 82 1
70 132 1
70 107 1
70 146 1
70 135 1
70 85 1
70 88 1
70 105 1
70 84 1
70 124 1
70 80 1
70 128 1
70 145 1
70 76 1
70 103 1
70 130 1
70 129 1
70 108 1
70 92 1
70 140 1
70 119 1
70 93 1
70 144 1
70 116 1
70 141 1
70 110 1
70 87 1
70 102 1
70 112 1
70 115 1
70 100 1
70 97 1
70 91 1
70 71 1
70 137 1
70 79 1
70 83 1
70 78 1
70 90 1
71 125 1
71 146 1
71 129 1
71 130 1
71 121 1
71 144 1
71 113 1
71 83 1
71 126 1
71 107 1
71 101 1
71 108 1
71 133 1
71 138 1
71 128 1
71 75 1
71 127 1
71 91 1
71 134 1
71 109 1
71 93 1
71 81 1
71 79 1
71 102 1
71 110 1
71 139 1
71 124 1
71 118 1
71 97 1
71 141 1
71 116 1
71 122 1
71 117 1
71 148 1
71 86 1
71 84 1
71 80 1
71 145 1
71 87 1
72 138 1
72 104 1
72 150 1
72 105 1
72 83 1
72 133 1
72 131 1
72 89 1
72 80 1
72 120 1
72 127 1
72 90 1
72 77 1
72 124 1
72 92 1
72 130 1
72 87 1
72 75 1
72 132 1
72 121 1
72 146 1
72 94 1
72 114 1
72 149 1
72 82 1
72 88 1
72 73 1
72 147 1
72 139 1
72 98 1
72 109 1
72 99 1
72 74 1
72 123 1
72 112 1
72 117 1
72 108 1
72 111 1
73 75 1
73 93 1
73 139 1
73 126 1
73 78 1
73 131 1
73 79 1
73 87 1
73 106 1
73 91 1
73 125 1
73 89 1
73 115 1
73 94 1
73 137 1
73 128 1
73 148 1
73 143 1
73 86 1
73 123 1
73 142 1
73 101 1
73 103 1
73 107 1
73 84 1
73 118 1
73 145 1
73 77 1
73 97 1
73 90 1
73 140 1
73 132 1
73 113 1
73 136 1
73 105 1
73 83 1
73 100 1
73 95 1
74 118 1
74 95 1
74 75 1
74 116 1
74 106 1
74 145 1
74 112 1
74 100 1
74 135 1
74 113 1
74 110 1
74 124 1
74 93 1
74 127 1
74 105 1
74 81 1
74 148 1
74 96 1
74 123 1
74 97 1
74 88 1
74 121 1
74 102 1
74 147 1
74 136 1
74 144 1
74 143 1
74 119 1
74 99 1
74 138 1
74 128 1
74 129 1
74 137 1
74 90 1
74 114 1
74 142 1
74 104 1
74 103 1
74 78 1
74 133 1
75 130 1
75 81 1
75 144 1
75 121 1
75 91 1
75 79 1
75 117 1
75 119 1
75 115 1
75 80 1
75 138 1
75 150 1
75 133 1
75 110 1
75 98 1
75 96 1
75 97 1
75 82 1
75 90 1
75 99 1
75 85 1
75 122 1
75 101 1
75 124 1
75 139 1
75 84 1
75 131 1
75 116 1
75 111 1
75 143 1
75 100 1
75 148 1
75 142 1
75 83 1
75 112 1
75 109 1
76 88 1
76 87 1
76 98 1
76 137 1
76 116 1
76 120 1
76 81 1
76 146 1
76 94 1
76 123 1
76 145 1
76 150 1
76 97 1
76 149 1
76 102 1
76 107 1
76 125 1
76 80 1
76 115 1
76 141 1
76 104 1
76 108 1
76 113 1
76 147 1
76 90 1
76 103 1
76 83 1
76 93 1
76 105 1
76 112 1
76 130 1
76 124 1
76 111 1
76 126 1
76 140 1
76 139 1
76 99 1
76 143 1
77 142 1
77 111 1
77 95 1
77 113 1
77 104 1
77 140 1
77 106 1
77 90 1
77 117 1
77 122 1
77 120 1
77 99 1
77 126 1
77 128 1
77 123 1
77 87 1
77 94 1
77 98 1
77 115 1
77 93 1
77 144 1
77 85 1
77 119 1
77 148 1
77 121 1
77 86 1
77 135 1
77 146 1
77 118 1
77 125 1
77 88 1
77 130 1
77 141 1
77 127 1
77 134 1
77 139 1
77 97 1
77 79 1
78 100 1
78 80 1
78 123 1
78 79 1
78 146 1
78 102 1
78 92 1
78 132 1
78 150 1
78 86 1
78 98 1
78 125 1
78 82 1
78 135 1
78 115 1
78 133 1
78 114 1
78 85 1
78 96 1
78 119 1
78 95 1
78 121 1
78 140 1
78 149 1
78 118 1
78 99 1
78 143 1
78 89 1
78 88 1
78 147 1
78 141 1
78 148 1
78 104 1
78 134 1
78 90 1
79 137 1
79 102 1
79 147 1
79 91 1
79 141 1
79 110 1
79 122 1
79 108 1
79 86 1
79 94 1
79 83 1
79 84 1
79 114 1
79 98 1
79 132 1
79 115 1
79 139 1
79 144 1
79 90 1
79 126 1
79 111 1
79 105 1
79 142 1
79 119 1
79 121 1
79 85 1
79 125 1
79 134 1
79 130 1
79 128 1
79 148 1
79 140 1
79 127 1
79 116 1
79 101 1
79 113 1
79 131 1
79 96 1
79 107 1
79 97 1
79 135 1
80 125 1
80 146 1
80 86 1
80 103 1
80 136 1
80 139 1
80 112 1
80 124 1
80 81 1
80 110 1
80 100 1
80 92 1
80 91 1
80 149 1
80 120 1
80 150 1
80 89 1
80 144 1
80 83 1
80 98 1
80 143 1
80 123 1
80 113 1
80 131 1
80 87 1
80 90 1
80 96 1
80 97 1
80 102 1
80 94 1
80 140 1
80 126 1
80 105 1
80 84 1
80 116 1
81 105 1
81 140 1
81 128 1
81 117 1
81 97 1
81 130 1
81 121 1
81 145 1
81 118 1
81 132 1
81 94 1
81 147 1
81 123 1
81 91 1
81 99 1
81 137 1
81 89 1
81 85 1
81 84 1
81 136 1
81 107 1
81 103 1
81 83 1
81 95 1
81 93 1
81 86 1
81 108 1
81 98 1
81 119 1
81 114 1
81 102 1
81 146 1
81 142 1
81 106 1
81 110 1
81 125 1
82 95 1
82 85 1
82 136 1
82 101 1
82 117 1
82 139 1
82 128 1
82 116 1
82 150 1
82 94 1
82 87 1
82 120 1
82 109 1
82 97 1
82 131 1
82 148 1
82 96 1
82 133 1
82 135 1
82 132 1
82 137 1
82 104 1
82 130 1
82 143 1
82 91 1
82 124 1
82 108 1
82 99 1
82 126 1
82 110 1
83 119 1
83 126 1
83 138 1
83 111 1
83 129 1
83 130 1
83 145 1
83 142 1
83 88 1
83 136 1
83 149 1
83 89 1
83 99 1
83 127 1
83 103 1
83 95 1
83 108 1
83 93 1
83 90 1
83 98 1
83 104 1
83 139 1
83 131 1
83 84 1
83 105 1
83 97 1
83 146 1
83 96 1
83 120 1
83 114 1
83 137 1
83 101 1
83 100 1
83 140 1
83 135 1
83 147 1
84 98 1
84 128 1
84 99 1
84 143 1
84 144 1
84 150 1
84 145 1
84 134 1
84 132 1
84 139 1
84 117 1
84 102 1
84 104 1
84 135 1
84 93 1
84 96 1
84 131 1
84 87 1
84 127 1
84 142 1
84 97 1
84 107 1
84 110 1
84 148 1
84 92 1
84 109 1
84 120 1
84 122 1
84 129 1
84 137 1
84 94 1
84 100 1
84 112 1
84 115 1
84 116 1
84 114 1
84 147 1
84 91 1
84 125 1
85 103 1
85 130 1
85 104 1
85 92 1
85 133 1
85 115 1
85 91 1
85 144 1
85 123 1
85 111 1
85 88 1
85 86 1
85 127 1
85 114 1
85 132 1
85 94 1
85 137 1
85 109 1
85 95 1
85 122 1
85 141 1
85 119 1
85 149 1
85 121 1
85 116 1
85 140 1
85 135 1
85 113 1
85 93 1
85 96 1
85 148 1
85 89 1
85 118 1
85 105 1
85 134 1
85 107 1
86 124 1
86 92 1
86 119 1
86 97 1
86 121 1
86 101 1
86 131 1
86 108 1
86 122 1
86 104 1
86 135 1
86 137 1
86 120 1
86 123 1
86 103 1
86 150 1
86 141 1
86 133 1
86 95 1
86 148 1
86 113 1
86 117 1
86 109 1
86 102 1
86 99 1
86 90 1
86 129 1
86 118 1
87 90 1
87 136 1
87 113 1
87 88 1
87 124 1
87 140 1
87 98 1
87 131 1
87 123 1
87 148 1
87 105 1
87 112 1
87 139 1
87 128 1
87 97 1
87 133 1
87 122 1
87 134 1
87 114 1
87 99 1
87 143 1
87 130 1
87 132 1
87 92 1
87 108 1
87 142 1
87 147 1
87 126 1
87 138 1
87 121 1
87 144 1
87 149 1
87 93 1
87 137 1
87 102 1
88 116 1
88 126 1
88 144 1
88 111 1
88 105 1
88 108 1
88 122 1
88 123 1
88 118 1
88 114 1
88 140 1
88 149 1
88 142 1
88 93 1
88 97 1
88 141 1
88 92 1
88 132 1
88 99 1
88 119 1
88 133 1
88 107 1
88 131 1
88 137 1
88 136 1
89 144 1
89 103 1
89 141 1
89 120 1
89 118 1
89 116 1
89 105 1
89 110 1
89 149 1
89 100 1
89 137 1
89 130 1
89 121 1
89 143 1
89 109 1
89 139 1
89 102 1
89 124 1
89 97 1
89 117 1
89 99 1
89 111 1
89 146 1
89 136 1
89 113 1
89 90 1
89 129 1
89 128 1
90 110 1
90 105 1
90 111 1
90 99 1
90 122 1
90 130 1
90 132 1
90 118 1
90 95 1
90 119 1
90 94 1
90 116 1
90 124 1
90 100 1
90 104 1
90 150 1
90 102 1
90 120 1
90 134 1
90 144 1
90 131 1
90 127 1
90 125 1
90 101 1
90 148 1
90 115 1
90 109 1
91 101 1
91 142 1
91 150 1
91 117 1
91 132 1
91 110 1
91 94 1
91 121 1
91 135 1
91 143 1
91 137 1
91 97 1
91 95 1
91 103 1
91 133 1
91 114 1
91 105 1
91 112 1
91 139 1
91 119 1
91 130 1
91 96 1
91 126 1
91 136 1
91 134 1
91 98 1
91 92 1
92 125 1
92 146 1
92 116 1
92 111 1
92 145 1
92 136 1
92 103 1
92 129 1
92 130 1
92 143 1
92 97 1
92 113 1
92 93 1
92 94 1
92 107 1
92 106 1
92 140 1
92 114 1
92 134 1
92 148 1
92 147 1
92 98 1
92 142 1
92 110 1
92 123 1
92 141 1
92 96 1
93 101 1
93 106 1
93 132 1
93 149 1
93 144 1
93 107 1
93 111 1
93 123 1
93 109 1
93 103 1
93 135 1
93 143 1
93 120 1
93 145 1
93 141 1
93 136 1
93 122 1
93 115 1
93 126 1
93 118 1
93 133 1
93 131 1
93 116 1
93 108 1
93 130 1
93 102 1
93 98 1
93 138 1
93 113 1
93 147 1
93 105 1
93 95 1
94 107 1
94 112 1
94 96 1
94 101 1
94 104 1
94 126 1
94 105 1
94 133 1
94 120 1
94 99 1
94 95 1
94 141 1
94 138 1
94 113 1
94 149 1
94 124 1
94 132 1
94 127 1
94 143 1
94 116 1
94 118 1
94 134 1
94 128 1
94 115 1
94 97 1
94 119 1
94 111 1
94 122 1
94 137 1
95 139 1
95 130 1
95 101 1
95 144 1
95 129 1
95 113 1
95 127 1
95 109 1
95 146 1
95 125 1
95 141 1
95 145 1
95 118 1
95 150 1
95 140 1
95 134 1
95 128 1
95 135 1
95 138 1
95 126 1
95 142 1
95 120 1
95 97 1
95 98 1
95 132 1
95 112 1
95 131 1
95 149 1
95 133 1
95 115 1
95 107 1
95 119 1
95 102 1
96 99 1
96 133 1
96 142 1
96 117 1
96 137 1
96 150 1
96 102 1
96 124 1
96 100 1
96 120 1
96 146 1
96 113 1
96 111 1
96 139 1
96 106 1
96 119 1
96 118 1
96 144 1
96 131 1
96 114 1
96 147 1
96 104 1
96 123 1
96 107 1
96 132 1
96 141 1
96 148 1
96 149 1
97 147 1
97 149 1
97 135 1
97 112 1
97 108 1
97 101 1
97 103 1
97 138 1
97 137 1
97 144 1
97 124 1
97 107 1
97 136 1
97 113 1
97 139 1
97 98 1
97 121 1
97 130 1
97 120 1
97 117 1
97 125 1
97 146 1
97 115 1
97 109 1
97 114 1
97 106 1
97 116 1
97 99 1
98 149 1
98 100 1
98 102 1
98 99 1
98 110 1
98 109 1
98 127 1
98 128 1
98 137 1
98 103 1
98 114 1
98 150 1
98 138 1
98 105 1
98 116 1
98 122 1
98 118 1
98 124 1
98 119 1
98 146 1
98 136 1
98 144 1
98 106 1
99 121 1
99 107 1
99 149 1
99 132 1
99 102 1
99 133 1
99 136 1
99 143 1
99 123 1
99 144 1
99 150 1
99 141 1
99 127 1
99 135 1
99 120 1
99 140 1
99 126 1
99 128 1
99 131 1
99 115 1
99 124 1
99 101 1
99 146 1
99 130 1
99 137 1
99 139 1
99 110 1
99 105 1
99 134 1
99 108 1
99 114 1
99 148 1
100 116 1
100 105 1
100 148 1
100 103 1
100 134 1
100 146 1
100 112 1
100 108 1
100 106 1
100 142 1
100 129 1
100 149 1
100 126 1
100 119 1
100 114 1
100 144 1
100 120 1
100 133 1
100 140 1
100 102 1
100 125 1
100 123 1
100 128 1
100 124 1
101 126 1
101 130 1
101 120 1
101 144 1
101 143 1
101 146 1
101 117 1
101 128 1
101 134 1
101 116 1
101 103 1
101 123 1
101 147 1
101 104 1
101 105 1
101 118 1
101 112 1
101 131 1
102 121 1
102 113 1
102 106 1
102 134 1
102 109 1
102 147 1
102 139 1
102 149 1
102 108 1
102 144 1
102 104 1
102 119 1
102 103 1
102 126 1
102 136 1
102 145 1
102 128 1
102 131 1
102 122 1
102 123 1
102 142 1
102 105 1
102 148 1
102 133 1
102 120 1
102 111 1
102 141 1
102 107 1
103 144 1
103 132 1
103 104 1
103 114 1
103 121 1
103 105 1
103 120 1
103 115 1
103 131 1
103 148 1
103 138 1
103 125 1
103 134 1
103 126 1
103 133 1
103 111 1
103 128 1
103 122 1
103 118 1
103 139 1
103 140 1
103 129 1
103 108 1
103 119 1
103 137 1
104 115 1
104 149 1
104 117 1
104 143 1
104 126 1
104 144 1
104 148 1
104 107 1
104 109 1
104 122 1
104 132 1
104 127 1
104 139 1
104 130 1
104 113 1
104 110 1
104 150 1
104 137 1
105 117 1
105 139 1
105 122 1
105 147 1
105 127 1
105 134 1
105 131 1
105 116 1
105 144 1
105 136 1
105 133 1
105 118 1
105 115 1
105 143 1
105 109 1
105 146 1
105 114 1
105 128 1
105 148 1
105 123 1
105 112 1
105 107 1
106 115 1
106 110 1
106 108 1
106 118 1
106 130 1
106 122 1
106 138 1
106 112 1
106 123 1
106 119 1
106 120 1
106 128 1
106 129 1
106 139 1
106 131 1
106 148 1
106 113 1
106 147 1
106 149 1
106 143 1
106 109 1
106 135 1
106 121 1
107 119 1
107 127 1
107 136 1
107 132 1
107 115 1
107 148 1
107 118 1
107 114 1
107 141 1
107 110 1
107 138 1
107 117 1
107 120 1
107 108 1
107 126 1
107 121 1
107 112 1
107 128 1
107 111 1
107 143 1
107 134 1
107 116 1
107 122 1
107 109 1
108 146 1
108 112 1
108 132 1
108 115 1
108 143 1
108 130 1
108 135 1
108 148 1
108 150 1
108 118 1
108 138 1
108 145 1
108 109 1
108 136 1
108 131 1
108 134 1
108 113 1
108 141 1
108 139 1
108 149 1
108 142 1
108 122 1
109 126 1
109 115 1
109 145 1
109 122 1
109 117 1
109 120 1
109 150 1
109 113 1
109 149 1
109 132 1
109 112 1
109 130 1
109 136 1
109 133 1
109 138 1
109 141 1
109 127 1
109 129 1
110 149 1
110 116 1
110 130 1
110 150 1
110 146 1
110 147 1
110 135 1
110 138 1
110 148 1
110 136 1
110 126 1
110 142 1
110 139 1
110 122 1
110 112 1
110 121 1
110 137 1
110 113 1
110 120 1
110 111 1
111 128 1
111 113 1
111 133 1
111 148 1
111 131 1
111 136 1
111 149 1
111 112 1
111 143 1
111 146 1
111 121 1
111 142 1
111 120 1
111 138 1
111 129 1
111 135 1
111 122 1
111 134 1
111 125 1
111 114 1
112 119 1
112 142 1
112 133 1
112 125 1
112 146 1
112 143 1
112 147 1
112 148 1
112 122 1
112 138 1
112 115 1
112 127 1
112 150 1
112 149 1
112 135 1
112 118 1
112 137 1
112 131 1
112 136 1
113 133 1
113 127 1
113 124 1
113 118 1
113 134 1
113 122 1
113 130 1
113 132 1
113 128 1
113 149 1
113 138 1
113 141 1
113 137 1
113 120 1
113 145 1
113 123 1
113 143 1
113 131 1
113 129 1
114 143 1
114 134 1
114 147 1
114 150 1
114 145 1
114 127 1
114 136 1
114 123 1
114 138 1
114 126 1
114 139 1
114 125 1
114 144 1
114 120 1
114 117 1
114 148 1
114 116 1
114 124 1
114 142 1
114 135 1
114 149 1
115 130 1
115 141 1
115 127 1
115 129 1
115 121 1
115 144 1
115 137 1
115 122 1
115 125 1
115 126 1
115 150 1
115 142 1
115 147 1
115 117 1
115 139 1
115 120 1
115 146 1
115 138 1
116 138 1
116 119 1
116 144 1
116 130 1
116 146 1
116 139 1
116 120 1
116 118 1
116 126 1
116 137 1
116 133 1
116 121 1
116 143 1
116 123 1
116 142 1
116 122 1
116 134 1
116 132 1
116 135 1
117 128 1
117 144 1
117 146 1
117 126 1
117 148 1
117 132 1
117 145 1
117 134 1
117 124 1
118 150 1
118 146 1
118 138 1
118 144 1
118 126 1
118 129 1
118 121 1
118 139 1
118 137 1
118 141 1
118 122 1
118 135 1
118 142 1
118 140 1
118 125 1
118 136 1
118 149 1
119 146 1
119 138 1
119 136 1
119 137 1
119 123 1
119 130 1
119 129 1
119 126 1
119 139 1
119 145 1
119 127 1
119 135 1
119 147 1
119 124 1
119 142 1
119 133 1
119 140 1
119 132 1
119 128 1
119 149 1
119 121 1
119 148 1
120 132 1
120 127 1
120 139 1
120 137 1
120 130 1
120 148 1
120 121 1
120 134 1
120 147 1
120 144 1
120 140 1
120 122 1
120 129 1
120 146 1
120 149 1
121 146 1
121 141 1
121 139 1
121 132 1
121 124 1
121 136 1
121 134 1
121 150 1
121 126 1
121 129 1
121 127 1
122 134 1
122 125 1
122 135 1
122 143 1
122 144 1
122 129 1
122 127 1
122 140 1
122 126 1
122 137 1
122 133 1
123 139 1
123 135 1
123 127 1
123 131 1
123 125 1
123 150 1
123 138 1
123 142 1
123 132 1
123 146 1
123 144 1
123 133 1
124 148 1
124 127 1
124 138 1
124 128 1
124 150 1
124 136 1
124 147 1
124 131 1
124 144 1
124 146 1
124 126 1
125 131 1
125 143 1
125 147 1
125 135 1
125 142 1
125 134 1
125 145 1
125 148 1
125 138 1
125 146 1
125 141 1
125 149 1
125 129 1
125 127 1
125 144 1
125 150 1
126 132 1
126 127 1
126 137 1
126 129 1
126 145 1
126 144 1
126 134 1
126 140 1
127 145 1
127 138 1
127 130 1
127 133 1
127 146 1
127 132 1
127 141 1
127 129 1
127 131 1
127 147 1
127 144 1
128 135 1
128 145 1
128 144 1
128 136 1
128 146 1
128 150 1
128 147 1
128 134 1
128 148 1
128 140 1
128 138 1
128 133 1
128 130 1
129 147 1
129 146 1
129 144 1
129 137 1
129 140 1
129 139 1
129 133 1
129 131 1
129 142 1
130 137 1
130 131 1
130 145 1
130 139 1
130 147 1
130 148 1
130 150 1
130 133 1
130 146 1
131 140 1
131 144 1
131 149 1
131 137 1
131 145 1
131 143 1
131 148 1
131 147 1
131 150 1
132 145 1
132 148 1
132 144 1
132 135 1
132 146 1
132 136 1
132 140 1
132 142 1
133 136 1
133 138 1
133 143 1
133 134 1
133 146 1
133 140 1
133 144 1
133 147 1
133 149 1
134 139 1
134 140 1
134 144 1
134 141 1
134 142 1
134 150 1
134 148 1
134 137 1
134 135 1
134 147 1
134 143 1
135 140 1
135 144 1
135 146 1
135 148 1
135 136 1
135 139 1
135 149 1
135 137 1
135 143 1
136 141 1
136 147 1
136 139 1
136 146 1
136 137 1
136 145 1
136 149 1
137 141 1
137 150 1
137 148 1
137 144 1
137 142 1
137 140 1
137 139 1
137 138 1
138 146 1
138 147 1
138 140 1
139 143 1
139 147 1
139 145 1
139 141 1
139 140 1
139 142 1
139 146 1
139 148 1
140 142 1
140 144 1
140 147 1
140 143 1
141 149 1
141 143 1
141 147 1
141 144 1
142 143 1
142 145 1
142 146 1
142 150 1
142 147 1
142 149 1
143 146 1
143 150 1
143 145 1
143 147 1
144 145 1
144 149 1
144 147 1
145 147 1
145 149 1
145 148 1
145 150 1
146 148 1
146 149 1
147 148 1
147 150 1
148 150 1
148 149 1
